10431
2
65985
79719
22848
14
16
26574
18
19
20
21
85320
4363
10057
5825
6059
23
10061
55324
9619
83451
26090
84836
11057
63874
10006
10152
25
27
3983
22885
29
30
10449
31
34
36
37
23527
38
64746
22985
47
48
50
51
52
53
54
80221
2180
2181
84532
59
60
71
86
87
81
55860
10121
10120
10097
10096
90
91
102
8038
8751
8755
8754
9510
103
90956
107
109
112
115
118
120
125
128
55256
9370
51094
79602
23394
83440
156
11047
159
165
166
60312
4299
3899
27125
10939
54812
116988
3267
55109
178
10554
10555
56894
137964
8540
10551
155465
375790
57085
25909
191
10768
113146
79026
196
10598
64853
9131
202
9255
204
50808
11215
9590
11214
8165
26993
10142
79647
10327
8574
22977
207
84335
208
210
211
214
5832
219
217
224
222
501
223
226
79053
54890
7840
55626
262
267
347902
154810
51421
51321
51529
25847
119504
51433
51434
90806
23452
288
51479
56172
54882
404734
54467
23141
55608
29123
23253
88455
26057
23243
91074
91369
57182
283373
23294
55107
196527
8125
10541
81611
290
84168
311
301
302
304
307
308
309
310
8416
8639
162
164
8906
8907
10053
1174
160
161
163
1173
1175
8546
8943
26985
1176
10239
323
324
327
328
51107
8539
187
334
128240
341
347
348
8542
23780
80830
351
10513
26060
55198
353
358
360
9716
367
369
116985
372
375
377
378
381
382
55738
84364
26286
10565
10564
27236
23647
55082
94134
392
55114
57584
9411
9743
394
396
397
55160
9826
23365
9828
23370
9138
9181
50650
9459
8874
8289
57492
196528
51742
10865
84159
25820
10425
400
23568
403
10123
23204
51329
10550
127829
55207
9823
51566
9915
405
10552
10095
10109
10094
10093
10092
10776
92714
57561
410
414
427
50807
55616
79754
84164
10973
55870
9070
439
444
54829
445
171023
84896
29028
468
22809
22926
1388
11016
55729
55054
55102
23192
79065
80162
471
64225
472
23300
1822
475
23200
57130
23400
79572
476
481
483
488
489
490
493
27032
498
506
509
513
514
515
517
518
10476
521
9551
522
10632
539
537
10159
535
533
527
9114
8992
155066
523
526
528
51382
529
9296
9550
51606
5205
57198
10079
64756
93974
8455
546
25814
6310
342371
11273
56970
552889
550
54998
26053
8312
558
563
64343
51582
567
10678
2683
8704
8703
9334
23621
25825
572
573
9531
9529
576
10458
25805
8815
8314
7919
7916
84726
23215
7917
7920
11177
9031
11176
582
56987
4059
55973
10134
9564
8412
8537
55653
587
56647
593
10295
596
10018
23786
598
599
602
604
607
283149
9774
54880
613
55814
8678
51272
56271
51283
633
8553
79365
329
57448
10904
642
2647
644
645
648
658
659
9790
665
149428
91272
259282
666
552900
10380
2186
6046
8019
23476
29117
10902
25798
25855
25874
27154
54014
26580
55108
682
54836
684
53339
55643
90135
55727
689
91408
694
7832
11118
8945
9184
8896
9689
28969
11067
10974
79892
54906
54838
143384
80195
84293
79949
746
53838
738
280636
10944
55004
90488
55196
60673
283450
113246
80209
11161
55017
171546
51637
55449
9556
91748
64207
57184
56851
81556
25764
115939
79447
64755
57020
123811
29035
283987
84299
124944
79415
80169
80233
25941
753
497661
56005
126353
91300
126321
8725
79086
79002
84798
79036
28974
51398
29086
284361
91304
79762
57095
26099
440574
84886
81563
400793
54953
25912
149563
26097
112770
127281
51430
712
713
708
714
114904
715
51279
716
116151
140688
54994
441951
55969
29058
57136
25980
51507
8209
56683
83606
51493
253143
23313
54978
27013
51374
55571
718
55845
51300
23272
720
132720
401152
201895
60684
9315
56951
134553
90355
643155
285636
64771
387263
84300
79624
50854
81688
221477
221927
51622
222166
55069
84310
389541
65265
56892
51337
286144
286343
23731
11094
51759
55684
203197
771
51719
56997
23523
91768
784
27092
27101
790
23705
199731
93664
57658
10241
800
801
805
808
811
813
55450
10645
819
23271
23125
55832
124583
821
10487
822
823
824
826
4076
829
830
832
23589
55739
10498
833
22794
113201
64921
8573
835
840
831
54897
847
857
10367
9139
10951
11335
8535
23468
23492
54862
55749
84317
150275
55246
57003
152137
28958
8030
51372
90557
151887
440193
80212
90324
892
595
896
23582
900
901
10983
8812
57018
81669
219771
9236
10576
7203
10575
22948
908
10574
10694
135228
929
977
8763
100133941
57124
80381
23607
10421
9936
947
948
960
4179
961
920
1604
966
967
968
972
975
3732
22918
928
4267
83692
8872
8881
996
11140
998
8476
9578
11135
23580
56882
56990
988
79577
64866
1009
999
1003
10423
51755
8621
5127
5128
8099
10263
1019
55755
80279
1025
1026
1027
1039
1040
8760
55573
4680
1052
1054
10153
51816
10658
9620
1952
1059
1063
9859
11190
9857
51148
8824
1069
629
3075
1072
8545
57530
84952
1101
51142
1105
1106
1107
1108
84181
57680
80205
10523
66005
5119
57132
27243
25978
29082
128866
51510
91782
11261
54480
79586
56994
51363
22856
54921
91612
9391
10519
23152
8483
1153
284106
1154
10370
163732
25792
10970
9793
23332
23122
1182
1186
9069
1365
1364
1366
56650
10143
1192
25932
54102
9685
6249
1195
1196
79789
1201
54982
1207
1209
81037
22883
64084
9746
1211
1212
1213
1191
134147
80790
51727
123920
146223
54918
202333
7555
55748
10175
29097
1265
1266
26505
26504
23019
4848
4849
57472
246175
29883
9337
1267
10330
10695
163882
80347
23242
25920
9382
22796
25839
10466
91949
1300
1301
1303
7373
1306
1307
1308
80781
1277
1278
1281
1282
1284
10087
1287
1289
1290
50509
1291
1292
1293
1295
1296
23412
54939
170622
149951
1311
1312
1314
1315
9276
11316
22820
9318
8533
10987
10980
50813
10920
22818
51117
11151
57175
23603
7464
23406
1355
51241
1327
9377
1329
1337
1340
1345
1347
9167
1349
1350
1351
1360
1362
1363
132864
80315
8904
8895
29894
53981
54973
11052
79869
1374
56265
1382
57585
1384
27297
1385
10488
90993
64764
148327
1387
1389
58487
8804
51232
1396
1397
83716
1398
1399
51340
10491
200186
64784
1408
1431
8531
7812
1434
1436
1445
1452
1453
1454
53944
1455
1456
1457
1460
64651
81566
1465
1471
1476
23283
4253
1487
1488
10664
58190
10106
10217
1490
115908
1495
1499
56259
1500
56474
9646
5476
1508
1075
1509
8722
1512
1513
1514
1519
1520
1522
2017
8454
8452
8451
8450
8065
9820
51596
1523
6376
6387
9547
58191
4283
7852
51523
1534
1528
80777
51706
1727
1535
220002
1536
79901
1537
54205
23191
26999
50626
1540
1545
1593
1556
260293
199974
1595
3491
9267
9266
9265
23384
1601
153090
1602
1603
1605
26007
55152
1611
7818
1613
1615
1616
26528
9802
1622
1627
55861
28988
79269
80344
25853
25879
54876
8816
55827
10238
50717
79877
8642
1632
1634
167227
1635
1639
10540
51164
84516
79077
51181
23576
23564
1642
23259
54541
1650
780
65992
1653
10521
8886
9188
9416
57062
55661
10212
1654
51428
11325
9879
51202
1655
79039
54606
23586
55601
1656
1666
9191
8560
123099
7913
79961
55667
23258
8562
64798
79139
8694
9993
8527
1718
1717
1725
10202
9249
51635
55526
1665
54505
22907
55760
9785
79665
1659
1660
56616
1729
23405
11083
57609
22894
85458
1736
27122
10395
1738
1739
1741
9231
22839
1743
1657
3301
10294
9093
55466
51726
54788
3337
3300
10049
54431
55735
56521
23317
85406
23341
64215
134218
5611
80331
7266
22826
7802
1777
10059
1785
23268
1786
23549
30836
1793
23348
9980
1798
5977
8818
10072
29952
91039
1805
286148
1808
1809
1810
128338
10589
4733
1824
1829
1832
667
11034
25778
151636
23399
64118
1843
80824
1845
1846
1847
1848
1854
1855
1857
1778
1781
51143
1783
8655
140735
83658
6993
6990
1859
85403
55837
124454
10969
1889
1891
1892
1893
1894
23644
9695
80267
8721
1915
441032
1917
1933
1936
1937
1938
29904
283229
2202
30008
221154
80303
79180
1942
23167
9343
54583
112398
112399
1958
254102
10938
30846
30844
26298
79813
10919
9538
23741
10209
1964
83939
27102
9451
440275
1967
8893
26523
1965
8894
1968
8661
8662
728689
8664
3646
8665
8666
8667
8668
8669
27335
51386
10480
1973
1974
9775
1975
9470
317649
1979
1981
1982
8672
7458
1983
1984
143244
9669
3692
60528
1994
1997
1999
22936
63916
2006
84337
64834
54898
60481
55250
133418
2010
11117
24139
27436
2012
2013
55740
8507
23052
2022
2023
2026
58478
5167
59084
2029
953
955
2033
57634
2034
2035
2036
2037
4072
2049
2050
2052
9852
29924
22905
83481
2058
2060
58513
2059
54869
64787
85465
26284
51752
64167
2064
55914
2065
2066
23085
2067
2071
2073
2077
57222
51614
2079
79033
27248
10613
11160
79956
10961
23071
54206
2098
2099
54845
80004
23344
57488
2107
2108
55500
55224
2113
2114
2120
51466
2125
2130
55218
55770
11336
60412
10640
23265
5394
2132
2137
7430
50848
2162
2149
2151
2167
9415
23197
2184
399665
284611
83641
63901
92689
23196
158293
8933
80097
116496
64855
79137
54463
162427
51306
64760
26355
130074
400451
283635
55719
10712
54462
80011
348262
51313
9917
56975
253725
26017
116228
9780
10447
54855
51571
9130
9679
51307
58516
55793
79567
55177
286077
157638
23625
51439
157769
2191
84188
10160
2193
10056
2194
10922
2195
2197
2091
54751
2192
2199
10516
2200
2203
64319
146330
26224
26234
80204
84893
23014
23219
114907
81545
25793
26268
23291
26190
6468
54461
8857
2212
2214
2217
2222
2224
55527
10116
56929
10979
89846
55785
2260
2263
2271
2273
2274
9158
11259
51024
60681
23307
2280
2286
2287
2288
2289
23770
11328
80308
2314
55701
200058
2316
2317
10211
2319
2321
91010
2331
2332
2335
79672
23048
54874
23360
84624
22862
64778
96459
2339
2353
2354
2355
3169
22887
221937
3607
1112
2309
27086
116113
2356
122786
83786
10818
10129
285527
6624
11167
2495
2512
79068
117246
23070
8880
8939
2517
2519
65991
5045
2521
2530
26515
8087
5349
53827
79443
84248
8321
8322
8323
8324
51343
10146
9908
92579
2539
2548
2549
9846
11337
23710
11345
4616
2580
55568
63917
2589
2590
11226
51809
23193
2597
26130
2617
2618
60674
2621
8522
2625
57798
54815
57459
57704
2629
2631
8729
2633
2634
2635
9648
10985
51573
2664
2665
85476
2673
2674
26088
23062
79017
79893
9453
2687
84514
27069
64599
26058
10755
28964
9815
2697
2706
2717
2720
26035
2733
2734
2737
84662
2739
51031
51218
2744
79709
55830
51228
29997
2746
2752
84656
2760
2764
51292
8833
2768
10672
2771
2773
2776
2778
2782
2783
10399
59345
55970
2787
2794
29889
26354
8443
10007
64841
79158
84572
2799
2801
2802
2803
9950
51125
2804
51280
64083
55204
54856
57120
64689
26003
9527
9570
2806
8733
23131
65056
60313
2817
2239
23171
2820
2821
10457
57720
56927
221395
25960
26996
79581
9289
653519
9052
55890
2873
2876
2878
2879
493869
57655
2887
2885
9687
26585
79977
9380
2907
56850
2909
2896
2926
79792
2931
2932
2934
2935
2936
2937
373156
2944
2946
2947
9446
2950
2962
2969
2970
2971
2975
2976
9328
9567
23560
2982
2987
2990
2992
2997
283120
3005
8971
55766
94239
9555
3015
3020
3021
9563
3033
3030
3032
3035
8520
10456
26959
10767
10542
3054
54985
79885
3065
3066
8841
10014
10013
51564
3068
84717
50810
3069
55127
54497
50865
23593
51696
25831
79654
57493
9931
8925
8924
26091
9709
3280
3073
3074
10614
9146
138050
64645
84641
11112
3091
55662
25994
192286
3094
135114
3092
9026
204851
28996
10114
3006
8334
3017
85236
8337
8349
3098
3099
284459
3105
3106
3107
3108
3109
3113
3115
3117
3119
3122
3123
3127
3133
3134
3136
6596
81502
83872
10362
3159
3146
3148
3149
3155
3156
3157
3150
3151
10473
22993
3162
3163
51155
90861
3176
10949
3178
144983
3181
220988
3182
3183
3184
3185
3187
3188
3189
3190
3191
4670
10236
3192
11100
221092
9987
51361
84376
3212
3226
50809
3249
3257
84343
9394
3281
3028
51144
3295
80270
84263
3297
3320
3326
7184
6782
3303
3304
3306
3308
3309
3312
3313
3315
26353
3329
3336
3339
10808
27336
5654
94031
3064
10075
8692
10525
55699
3376
25998
3382
3383
23463
3398
3417
3418
3420
3421
3422
3423
9592
8870
51124
3428
3429
10437
2537
3434
3437
8519
10581
10410
3454
3459
3460
55764
9742
3476
3480
3481
3482
3485
3486
3487
3488
3490
3512
3321
93185
57549
3550
8518
3551
3597
84818
3554
9235
3566
3572
3608
3609
3611
10994
10989
55272
55364
54928
3614
3615
10207
64423
8821
27124
3636
3638
3643
26173
65123
26512
55656
9807
51447
79711
3843
10527
10526
55705
23288
8826
10788
9922
3654
3658
3659
359948
3661
3664
3665
10379
3667
153572
79191
10265
23479
9636
81875
3671
51015
51477
83737
81533
83986
22801
3673
3675
3678
3655
3685
3688
3689
3691
3693
3694
9358
9445
81618
3705
3707
80271
3708
3709
3710
162073
50618
3712
10625
55677
182
3716
51528
221037
339123
9929
10899
3725
3726
3727
3728
25959
3735
2648
10524
25948
56888
23704
3778
83892
115207
222658
23510
51133
143888
10945
11014
23028
22992
55818
51780
9682
23030
5927
10765
8242
7403
23135
3791
2531
9817
10657
23351
8570
9674
23065
9703
9812
23514
9798
23199
9772
9897
9778
23506
9766
283638
79932
23392
9811
9665
23334
9813
9847
23247
23078
9858
9776
23277
23376
23383
22889
23053
23379
22878
23325
84162
57189
57179
56243
57221
284058
26128
55683
57535
56204
25962
57587
57608
57613
57648
57662
57698
57724
85379
85457
54914
170954
57805
90231
57498
113220
63971
23303
55614
23095
10749
3835
9371
3799
22920
4254
3831
7071
51621
51274
1316
687
23588
116138
57542
59349
9903
54800
51088
55958
3836
3838
3839
3840
23633
3837
3845
3861
3866
3872
3875
3880
3852
3855
3856
200185
3895
3908
3909
3910
3911
3912
3913
3914
3915
3918
3916
3920
10314
51056
9741
55353
7805
23367
113251
23185
51574
51520
81887
3927
29956
79603
91012
253782
81606
51451
3936
8861
3939
3945
3949
143458
26119
23641
84247
221496
114823
123169
64175
10536
23484
3954
3955
3956
3958
3959
3964
3965
5641
1939
10184
3980
51474
22998
8994
3984
3985
3988
9516
3993
3998
10960
64327
55788
29995
91289
4000
4001
84823
8543
4010
100129034
151162
339047
647979
651250
653566
96610
9361
83752
164832
4015
4016
4017
79888
10162
9926
22859
9663
64748
987
4034
116844
26018
26020
84918
4035
4036
4037
4041
4040
4043
10128
131578
55227
2615
10489
57470
116064
55379
56262
9208
9209
55341
124801
26065
149986
25804
4046
51599
4047
4048
4052
4053
4054
8425
4055
4057
51631
51747
55692
4060
7798
767558
4061
27076
10434
11313
1130
4069
8216
84445
4074
23499
8567
10296
84232
9935
9500
10916
64110
260425
84061
114569
378938
9794
4121
10905
11253
4122
4125
23324
4126
63905
7873
54682
4129
4131
81631
5604
5605
6416
4296
4214
4134
9448
11183
9053
55700
5603
1432
5594
93487
5595
5597
23162
5601
79109
9261
7867
8649
22919
4137
54708
10299
64844
4082
65108
2011
4140
4141
83742
23139
375449
4144
27430
9782
57506
4149
4150
4152
8932
53615
114785
4154
10150
154141
129642
79143
8720
4162
4163
64087
23263
90411
4170
4171
4172
8888
4173
4175
4176
10445
9656
4190
4191
4192
4193
4194
23195
4201
64769
4204
9968
9969
23389
9282
5469
51586
10025
9439
9862
81857
55588
4205
4209
1954
1955
4221
56257
23184
4232
10988
79006
51603
25840
51108
51320
4236
4237
4238
4239
8076
56947
4240
9927
10227
64747
54842
23269
4245
11320
11282
10724
11343
4256
23295
4257
4259
375056
57534
9645
90007
57708
4282
50488
4288
57591
57496
4289
2872
23608
9761
8079
8085
58508
4297
9757
55904
4298
4301
4302
79083
64223
6945
27249
4320
4323
4313
4318
79812
64210
64112
126308
25843
7841
23041
22880
10933
9643
4343
9526
4350
54737
23164
9019
9902
55686
93621
114932
63875
9801
55052
79590
10573
11222
51253
64978
84545
84311
740
51258
65005
55173
64960
51021
28973
54460
64949
23107
10884
65993
60488
51081
58475
2956
339287
55167
4478
4481
253827
4502
9112
9219
57504
23787
23788
92140
4522
10797
4524
54545
8897
9110
2475
4548
9788
92154
57509
4582
727897
118430
84939
4594
9961
4599
10608
4601
25878
439921
54587
91663
4602
10514
4609
23077
26292
4615
150678
4628
4629
79784
4627
10627
103910
4637
10398
29116
4638
4651
399687
4430
4641
4642
4643
4644
4645
55930
4646
4650
26509
11143
7994
23522
9683
10443
23138
80155
51126
80218
4666
112939
65220
55191
4668
55577
10135
54187
4673
4676
8775
79664
4677
4678
55226
79903
9
89796
89797
51594
23218
4681
4683
100132406
55672
4077
9918
4686
22916
23154
10787
4691
56926
8648
10499
8202
8031
57727
23054
9611
9612
125144
284702
23385
80762
10397
57447
57446
3340
4705
126328
51079
4694
4695
4697
4698
4700
4704
4706
25915
4716
54539
4708
4710
4711
4713
4714
4715
4718
4719
4720
4722
4725
4726
4728
4723
4729
283131
10529
63941
55707
23327
4738
4739
10783
140609
91754
26012
29937
4756
10763
10276
4758
54492
4763
10725
84901
4776
4779
4780
4774
4781
4782
4784
4790
4791
4792
4799
4800
4802
27018
51335
55651
4809
4811
22795
51199
4814
81614
57185
25836
8508
11188
79570
4820
51068
4830
4831
4832
4833
57407
4836
4837
23530
26155
25926
65083
9221
23420
283820
408050
4841
8602
10528
51602
4851
4853
388677
4854
10577
56654
9520
55666
4869
255743
8131
27020
4886
1728
9975
7376
7182
7026
2063
2908
3164
4893
29959
4898
8204
8829
8828
80023
10412
64324
4905
55968
197370
54888
22978
221294
59277
4915
51667
10101
4924
4925
64710
10726
23386
84309
11051
11163
57532
4926
8650
55746
9972
23279
23511
23165
23225
8021
10762
23636
4928
9818
26471
116150
10204
4931
10482
4938
4939
4940
4942
4946
4947
23363
54940
4952
4957
8481
4967
11054
8473
29789
169611
25903
56944
4976
10133
80228
94103
10956
5007
114876
9885
114879
114882
114883
734
9180
100128731
58505
55611
54726
55593
56957
5018
55074
9943
5025
5033
8974
5034
54681
5036
26986
8761
8106
55690
23241
11252
54623
5048
5050
10606
10605
51247
5058
5062
10298
23022
445815
5066
255967
79646
167153
10914
9061
9060
124222
84612
11315
5073
84875
142
54625
143
83666
55742
219988
23598
55193
5087
5089
57326
5092
5093
5094
5096
5097
5098
51585
7703
10336
84333
63935
5106
5108
5110
115294
55251
5111
57092
22990
399909
5118
5046
51449
11333
22984
27250
10016
10015
347862
5142
9659
5155
5156
5159
5160
5162
2923
171423
9601
10130
5164
5166
9124
10611
9260
5170
23244
23047
23042
8566
5174
8682
5037
5175
10455
553115
23089
27043
5184
5187
64065
23481
8799
5194
5824
5828
5830
5190
5201
5204
5209
5211
5213
5216
5217
5223
93210
5226
5230
25796
5236
5241
10857
10424
65979
11331
5245
1912
80012
55274
57649
9678
23338
5252
51230
51105
79142
5253
23469
23133
55023
5257
22822
23612
23187
29085
57661
55361
5297
5298
10401
8301
5279
10026
84720
9091
94005
51604
54965
84992
55011
5286
5287
5291
113791
5295
5296
8503
30849
29990
415116
65018
8396
79837
5304
8394
23396
23761
5306
23760
10531
9867
5310
5570
5315
5585
5586
11187
8502
647087
81579
11145
9373
5327
5328
5335
23646
26258
5339
22874
55041
79666
26030
79990
23207
80301
123
10226
729359
10769
5351
5352
8985
5355
5358
5360
83483
84898
5361
55558
5364
23654
23129
56937
11243
5371
5373
5376
23203
9512
10654
25953
9240
5411
57104
10908
55163
10957
55629
127435
5420
23509
57645
23126
5425
57804
26073
84271
54107
5426
5428
51082
5430
5431
5432
5434
5436
5439
5440
5441
55718
171568
9883
55624
51371
5445
5447
10631
5464
27068
8611
8613
8612
84513
79717
79144
8500
8496
8495
5478
5479
5480
10105
9360
23759
23262
5493
5494
5495
5496
57460
51400
5499
5500
5501
5514
6992
4659
4660
54776
10848
26472
23645
84919
84988
84152
5504
79660
5510
5511
84687
5515
5516
5518
5520
5524
5525
5527
5528
5530
5532
5534
5531
9989
5536
5537
51029
23082
5538
10084
5546
5547
7799
11108
5052
7001
10935
10549
25824
9588
10113
27166
5549
9581
57580
85441
166336
5562
5566
5567
5571
5573
5577
5580
5584
5589
25865
5591
5612
5618
3276
3275
10419
5621
150696
11212
27339
26121
55119
9129
55660
8899
24148
10594
5634
57479
54458
78994
79170
133619
5396
11098
5652
58497
5660
23362
23550
5663
55851
11168
5682
5683
5684
5685
5686
5687
5688
5699
5689
5690
5691
5692
5693
5694
5695
5696
5701
5702
5704
5705
5706
5716
5717
5719
10213
5707
5708
5709
5710
5711
9861
5713
5714
5720
5721
10197
23198
9491
56984
375743
5725
9791
5728
5733
10728
9536
5738
22949
5747
5754
5757
5763
53635
7803
8073
51495
5781
5782
5783
5770
26469
25930
5777
5780
5786
5788
5792
5795
5796
5797
5802
11122
10076
284119
754
22827
9698
23369
5814
5818
5819
81607
7837
11264
5829
29108
5831
29920
5834
5836
90780
5859
5860
9444
54870
79832
5768
22864
10890
8766
9230
80223
9727
84440
26056
5872
51552
22931
5861
81876
23011
57403
57111
5862
11031
83871
11021
9545
22930
25782
57799
5867
5868
5869
5878
5870
7879
4218
10567
9135
23637
5876
5879
5885
5886
5887
10111
5894
55974
10743
26064
10742
5898
5899
10928
57148
5900
55103
22913
5901
5903
8498
10048
5905
5906
5908
5910
57826
2889
65059
5914
5916
5919
5920
5917
5921
125950
5925
9821
5928
5930
5931
5932
10616
5934
8241
10137
10432
29890
22828
84991
55696
55147
58517
54439
155435
5935
9584
79171
5936
54502
10181
10180
9939
23543
5937
27316
11030
9978
149041
1827
55920
5954
5955
57333
23186
55758
7936
51109
5962
7905
92840
5970
768211
29803
9185
11079
473
85004
5979
54884
5981
64326
5993
5863
5996
5998
8490
57414
64285
6009
387
388
22836
389
391
23433
55288
89941
114822
60626
253260
55183
140730
54453
8780
8737
51132
55005
64795
64777
6035
6038
440400
29102
8635
390
7844
9921
26994
55905
55819
11342
11236
50862
255488
284996
9604
26046
26001
51255
91445
149603
25897
56254
57674
54476
55182
55072
152006
9810
10193
22838
6047
6048
6049
9616
6050
8731
6051
57140
10921
28956
6093
9475
9991
79641
6097
6117
6118
6134
4736
6135
6136
6137
23521
9045
6138
6139
6141
6142
6143
6146
9349
6147
6152
6154
6155
6157
6158
6159
6156
6160
6161
6164
11224
6165
6122
25873
6166
6167
6168
6169
6171
6124
6125
6128
6129
6130
285855
6132
6133
6175
6176
6181
6184
6185
55197
58490
23248
6204
6205
6206
6207
6208
6209
6210
6217
6218
6222
6223
6224
6227
6228
6229
6230
6187
6232
6233
51065
6235
6188
6189
6191
6193
6194
6195
6196
6198
6201
6202
6203
3921
388524
10670
6238
6239
6240
50484
54700
23223
23076
51773
26156
51187
65117
6251
23168
10313
57142
80230
146923
861
23623
8607
10856
51389
6256
6257
23429
6259
6281
6282
6284
57402
140576
6275
6277
1903
22908
10055
9667
6294
55095
219285
25939
25813
10284
29115
79685
22870
9701
55291
56681
6301
9092
9733
23328
6303
51119
6305
81846
22904
6307
6309
58506
9522
10066
10067
113178
22937
51435
949
950
51097
6319
23256
10647
4250
6337
60592
6342
59342
23513
9805
57758
57410
55681
55153
6382
6383
9672
6385
6386
9147
6388
51150
6389
6390
6391
6392
23478
90701
6396
6397
23541
9919
9554
10484
10483
11196
10802
10427
9632
9871
22872
29927
10952
23480
7095
11231
79048
9728
6400
8991
140606
55829
51714
7869
10512
6405
64218
10509
54910
9037
26054
9403
22929
22928
57190
6414
151011
55752
4735
23157
989
23176
10801
6415
26135
10169
57515
347735
10955
27230
5265
12
5104
1992
5269
5054
5176
710
871
9792
29946
91404
6418
9739
23067
29072
84193
55209
80854
9869
23064
26470
7536
10291
8175
10946
23451
51639
10992
23450
10262
83443
6421
6422
6423
6424
9295
140890
10772
10147
6426
25957
6427
10929
9169
6428
6429
6430
6431
6432
6433
8683
81855
6443
6446
157285
79834
23678
8879
6448
9905
27352
6449
25970
83442
6451
6452
23677
9467
80851
152503
6455
51100
56904
9644
285590
57630
26751
22941
81858
6464
7979
387914
51246
92799
6472
8036
134549
57619
54414
6478
54847
51092
59307
10280
150094
23387
64374
25942
23309
26037
57568
23094
140885
22933
6497
6498
23517
6499
6500
57606
7884
4891
6558
10723
56996
10560
6505
6509
6510
6574
6575
63027
1468
8402
6576
79085
29957
123096
5250
55186
51629
9673
292
293
376497
10999
2030
81031
6513
56731
64924
148867
10463
1317
7355
113829
10237
347734
51006
79939
728661
80255
124565
81539
54407
201266
27173
91252
23516
25800
7922
55334
6520
30061
23446
57153
80736
113235
6522
9497
8884
6533
6535
6541
6542
8140
23428
6548
9368
9351
11309
6586
84189
9748
7871
51012
79811
10569
4087
4088
4089
4090
64744
6594
6595
6597
8467
6598
6599
6601
6602
6603
6605
8243
9126
10051
23347
54471
140775
55671
57223
23049
23381
23293
9887
6607
64094
55627
6611
55234
8773
9342
116841
27044
387066
54861
23020
6625
6626
6629
6628
6631
6633
6634
6635
6638
22938
23161
57231
6642
9784
399979
6643
81609
8724
27131
58533
51429
9021
9306
6647
6648
6651
10580
8470
10174
6652
6653
6272
6654
6655
6666
9580
6659
6662
6672
6667
6670
9043
6678
8404
64847
26010
28972
60559
25803
23013
80208
23111
51324
6687
10927
6692
10653
83985
6695
10418
10417
8405
339745
6696
56928
121665
6697
161742
200734
10252
84926
90864
6709
6711
6712
10558
9517
144108
6713
58472
8878
23350
6714
10847
6720
6721
6722
23380
5552
6717
6723
6727
6729
6730
6731
6726
6732
6733
6734
58477
10250
23524
51593
140809
6760
6741
6742
6744
54434
54961
8636
6745
6746
6747
6748
6749
29101
6767
6768
6482
6764
6480
10610
30815
23166
10274
10735
10254
10809
10948
56910
6772
6773
6774
6776
6777
6778
6780
27067
6781
8614
261729
55240
79689
6786
10963
6794
9262
8428
10494
140901
11329
23012
27347
83931
6789
3925
50861
2040
30968
11171
55342
29888
3703
201595
10273
23673
8675
6811
10228
8417
6813
6814
10923
8802
8801
64426
23213
55959
285362
25870
7341
6613
6612
23353
25777
11198
6827
6829
6830
6836
203328
51111
23512
6840
23075
94056
55638
25949
8189
10492
23345
23224
9144
55333
23336
11346
171024
11276
6856
90196
57586
9066
54843
84447
23118
257397
6867
10579
4070
93624
10474
8148
6872
6878
6879
6880
51616
8407
6876
6888
85461
26115
9344
51347
6890
6891
6892
202018
6894
23435
80222
6897
9797
8887
30851
26000
23216
54662
57533
64786
79735
128637
23102
9882
9779
11138
23158
23061
6902
1155
6904
6907
79718
26608
10607
9238
6926
123036
6917
6920
85012
79921
90843
6923
6924
10915
6938
6942
22980
6929
6925
10312
6949
6950
6988
26123
7003
8463
9524
9894
23371
7011
54386
26136
7016
55852
113419
51368
7020
7021
7022
7027
7030
7031
7033
10342
7037
7040
7043
7045
7046
7048
7049
7050
7052
10618
51497
63892
51078
7057
7058
7060
55258
57187
9967
79875
55623
25917
7070
7072
7073
26517
10440
7076
7077
7078
26277
25976
261726
7082
9414
27134
7083
7086
7090
9874
7094
83877
4071
51768
10548
9375
56889
9777
64114
51643
7009
147798
79838
11322
23023
54499
55002
10972
10959
23423
222068
50999
51014
54732
84336
54664
79022
79073
55831
11070
338773
114908
55654
92305
23505
54972
85014
10430
51522
441027
57146
84187
55858
153339
56900
28959
374395
57583
92703
25829
374882
54867
124446
23670
84866
55754
161291
55161
79188
81671
23585
757
113452
55219
9528
9725
55362
51669
51234
25963
84910
58986
252839
26022
56674
7110
29766
7112
64699
9168
7117
81542
51075
54495
3371
7126
7127
51330
8764
7132
8743
8741
10318
10188
85456
80351
8658
3842
30000
23534
84629
27327
7145
64759
7148
10140
10766
54472
10043
10040
146691
9804
56993
10452
100188893
9868
54543
7150
7153
7155
11073
1861
26092
64222
9878
7157
7158
7159
9537
94241
58476
7162
53373
7163
7164
7165
7167
7168
7169
7170
7171
1200
7174
7175
285386
127262
286262
64499
7178
22974
29896
6434
9618
7188
84231
10906
22906
66008
23471
9697
10131
7109
58485
27095
83696
10221
28951
57761
9865
9830
10346
7706
7726
5987
10155
51592
4591
54765
89122
81603
7204
11078
9321
9320
7205
51504
6738
26133
54795
54822
7227
8295
8848
1831
81628
7249
79042
7251
25987
7247
7257
10103
27075
81619
23555
26262
10099
6302
7105
10867
706
7259
23270
55720
90121
7264
100131187
151613
7265
55761
54902
7267
9652
22996
23170
80727
7846
10376
84790
203068
7280
10383
84617
7283
10844
7284
7286
55000
56995
5756
11344
57045
200081
25828
7295
51061
51060
79770
81567
10628
9352
10907
7296
7297
1890
7305
7307
11338
55075
6675
7317
10054
9039
7311
55236
7318
337867
51271
55833
9898
7314
7316
7319
7320
7322
7323
7324
7326
7327
7328
7329
51465
3093
7332
9246
9040
7334
63893
55585
92912
54926
7335
65264
7337
89910
9690
9354
10277
56061
5412
8266
59286
29855
254048
7342
29979
29978
56893
197131
23304
130507
23352
51366
55148
92181
7343
51035
137886
23190
80700
7351
51506
7353
51569
7357
7358
56886
7360
127933
8408
84747
10497
55898
219699
7374
5976
26019
29796
10975
7381
7384
7385
7386
7388
27089
9875
55665
81605
7389
7391
7392
8615
9100
8237
9097
10600
7398
10869
23326
23358
29761
84669
23032
9736
57602
84640
10713
55230
7375
55031
84196
54532
159195
8078
7874
9101
8239
9724
7402
6844
9341
6845
8673
81839
57216
9218
9217
7407
7408
10493
7410
10451
1462
7414
7415
80124
7416
7417
7419
7421
7422
7423
7716
55591
9686
7428
7431
79001
154807
203547
81552
9730
55823
157680
54832
55187
64601
51652
84313
9559
112936
51160
51699
55737
51028
55048
23339
27072
11311
27183
9525
6293
6944
51534
79679
10490
64856
4013
7450
51322
23063
7453
10163
653635
8976
51729
23559
23558
81554
114049
57590
23001
55717
64743
9948
80232
55339
89891
11152
56270
9277
57599
11091
11180
80349
80335
197335
23038
7465
10406
7466
7468
54904
7456
147179
26100
58525
79971
65125
65266
56897
26118
55884
9589
23286
55841
11059
11060
56949
54739
7494
331
7503
7508
7514
57510
23214
23039
11260
9213
7515
7520
2547
54464
22803
64132
10413
8565
4904
7525
10897
54432
78992
25844
81555
10652
56252
10730
388403
83719
51646
91746
64848
54915
51441
253943
7529
7531
7532
7533
10971
7534
7528
55249
284273
51776
9189
10009
253461
9923
360023
29068
57659
51341
51043
9877
23091
79882
55854
23211
29066
23264
56829
23174
219654
79670
85437
51304
25921
55625
51114
6935
10444
60685
7763
54469
463
64397
7538
677
678
80829
51663
7543
9765
79038
23503
124220
11244
22882
7586
153527
57178
83637
10269
7750
9203
9202
10771
23613
51351
7705
7707
7739
7756
7764
10472
7572
10127
9422
23036
7581
140467
171017
25946
55893
57862
80818
57473
55205
79818
84914
9640
23060
23361
27332
84146
22834
79027
144348
79894
57592
80139
51123
283337
79724
54989
55769
7644
168374
57169
10467
54764
9406
65982
79364
7791
23140
26009
