10043, 10061, 10106, 10188, 10209, 10291, 10383, 10423, 10437, 10456, 10514, 10554, 1072, 10922, 10985, 11054, 11091, 11098, 11214, 11252, 11346, 116985, 1350, 140885, 16, 161, 162, 171023, 171568, 1847, 1933, 1954, 1978, 2194, 221092, 221927, 22907, 22985, 22993, 23053, 23070, 23102, 2316, 23264, 23277, 23381, 23384, 23400, 23406, 23476, 23513, 23580, 23654, 23677, 2539, 25825, 25829, 25844, 26121, 26155, 2752, 2783, 2802, 2821, 283373, 2876, 2885, 2889, 28964, 30000, 3029, 3054, 309, 3123, 3127, 3133, 3257, 327, 3300, 3340, 353, 3566, 3609, 369, 389541, 3954, 399687, 4054, 4150, 4174, 4192, 4502, 4627, 4723, 4924, 5034, 5045, 51024, 51150, 51329, 51586, 5211, 53615, 5434, 54978, 54998, 55558, 55588, 55662, 55707, 5589, 5660, 56850, 5688, 56926, 5709, 57130, 57175, 57402, 57473, 57510, 57661, 57805, 5796, 5834, 58506, 5878, 5905, 593, 598, 60558, 60559, 6141, 6142, 6159, 6175, 6188, 6203, 6208, 6257, 6302, 64207, 64599, 64771, 64834, 65264, 6601, 6625, 6628, 6746, 6829, 7016, 7086, 7205, 7391, 7407, 7799, 7916, 7917, 79171, 80303, 80781, 81, 81605, 8189, 8241, 826, 83481, 83746, 84188, 84271, 8924, 90324, 9138, 9344, 9380, 9545, 9563, 9778, 9785, 9810, 9817, 9909, 9993, hsa-let-7g-3p, hsa-miR-106b-3p, hsa-miR-141-5p, hsa-miR-149-5p, hsa-miR-193b-3p, hsa-miR-331-3p, hsa-miR-339-5p, hsa-miR-484, hsa-miR-92b-3p
1026, 10884, 10920, 114876, 124995, 127829, 1314, 2066, 2098, 222171, 3955, 4036, 4089, 439921, 55250, 573, 6992, 84896, hsa-miR-146a-5p, hsa-miR-146b-5p, hsa-miR-15b-3p
10097, 10128, 10146, 102, 10228, 10498, 10548, 10558, 10625, 10628, 10678, 10762, 10787, 11198, 113146, 11329, 116150, 1267, 128637, 130507, 1315, 1389, 1462, 1476, 150094, 151887, 1654, 1829, 1942, 1964, 201595, 2030, 2131, 2180, 2260, 22926, 22992, 23011, 23039, 23077, 23174, 23184, 23193, 23215, 23516, 23568, 23761, 2495, 25820, 25940, 26135, 26136, 26156, 2665, 2673, 2683, 27, 2773, 2782, 284996, 286343, 29035, 29068, 3267, 339287, 3460, 3673, 3799, 3836, 3920, 400793, 405, 4297, 4363, 4644, 4774, 4853, 493, 51, 51026, 51232, 51652, 51768, 5194, 5257, 5295, 53838, 54431, 5494, 55008, 55075, 5527, 55505, 55591, 55737, 55870, 55970, 5621, 5654, 56951, 5701, 57120, 57142, 5717, 57181, 57532, 57534, 5754, 5756, 5757, 57606, 57645, 58533, 5930, 6249, 6387, 6424, 64326, 64755, 6497, 65059, 6533, 667, 6856, 7040, 7078, 7082, 7169, 7170, 7360, 7414, 7533, 7644, 7791, 7846, 79001, 79073, 79586, 800, 813, 81552, 81876, 830, 8349, 84516, 84926, 8613, 87, 8731, 90411, 91782, 9261, 9360, 9375, 9516, 953, 9592, 9743, 9877, 9902, 9908, 9931, 9950, 9958, hsa-miR-103a-3p, hsa-miR-107, hsa-miR-15a-5p, hsa-miR-15b-5p, hsa-miR-16-5p, hsa-miR-185-5p, hsa-miR-423-5p, hsa-miR-424-5p
10579, 10938, 1186, 1743, 2023, 22880, 23265, 2521, 252839, 25804, 283987, 3169, 3480, 377, 3880, 400451, 4048, 4320, 4758, 4831, 51126, 53635, 5725, 57530, 6050, 6165, 6171, 64837, 6923, 7001, 738, 79813, 80851, 84532, 8703, 9551, 9640, 9807, 9812, 9967, hsa-miR-125a-5p, hsa-miR-125b-5p, hsa-miR-193a-5p, hsa-miR-582-3p
114882, 156, 1604, 2060, 221496, 23358, 23521, 2353, 2475, 2547, 26037, 28996, 29927, 3148, 3423, 3909, 3949, 4939, 5037, 5050, 5205, 5226, 5241, 54407, 54800, 55249, 55629, 5604, 56907, 57561, 6451, 65993, 7049, 7110, 7494, 79364, 79754, 80012, 840, 8503, 8763, 900, 9318, 9802, hsa-miR-127-3p, hsa-miR-132-3p, hsa-miR-181a-5p, hsa-miR-181b-5p, hsa-miR-23a-3p, hsa-miR-532-5p
10075, 1017, 10765, 10797, 1277, 1281, 1282, 1284, 1287, 1289, 1290, 1292, 1293, 1300, 1306, 160418, 1656, 1824, 1994, 200424, 2012, 202, 2200, 22913, 23621, 25, 261726, 28511, 2932, 3091, 3146, 3156, 3655, 3688, 4017, 4214, 4221, 4313, 4678, 51283, 51307, 5155, 5156, 5159, 51726, 5310, 54972, 55832, 55884, 5683, 56882, 59345, 5979, 60488, 6421, 645, 64769, 6678, 6993, 7043, 7058, 7803, 79641, 80381, 80829, 81875, 8527, 8650, 9169, 91748, 9188, 9315, 9334, 94005, 9697, 9869, 998, 9991, hsa-miR-127-5p, hsa-miR-29a-3p, hsa-miR-29b-3p, hsa-miR-29c-3p, hsa-miR-338-3p, hsa-miR-451a
10101, 10113, 10195, 10491, 1059, 10611, 10769, 10857, 10971, 10973, 11047, 11108, 11177, 1164, 1174, 1340, 1349, 140775, 1431, 1457, 151636, 1729, 1843, 1857, 2193, 2237, 22838, 23118, 23129, 23198, 23203, 23362, 23484, 23543, 23589, 23646, 255488, 25803, 25896, 26190, 2720, 27340, 2787, 28974, 28988, 2931, 29894, 30001, 3035, 3107, 3159, 3297, 348235, 3614, 391, 4141, 4267, 4343, 4673, 4705, 4792, 4833, 4837, 5018, 5089, 51075, 51236, 51290, 51428, 51571, 51593, 52, 5279, 5347, 5437, 54432, 54471, 54555, 54880, 5496, 550, 55004, 55108, 55114, 55240, 55573, 55636, 55689, 55700, 5605, 56616, 56970, 57410, 57509, 57799, 58485, 5860, 6117, 6182, 6229, 6294, 6389, 63892, 64132, 6472, 65108, 65263, 6599, 6626, 6631, 6635, 6648, 6773, 6809, 6836, 6924, 6949, 7046, 7057, 7109, 7165, 728661, 7341, 7392, 7763, 7852, 79036, 79065, 79180, 80267, 81563, 84128, 84231, 84440, 8476, 84790, 84908, 8773, 8799, 8884, 90007, 9069, 9146, 9238, 9289, 9296, 9341, 9391, 9470, 9550, 9580, 9631, 9689, 9784, 9870, hsa-let-7a-3p, hsa-let-7a-5p, hsa-let-7b-5p, hsa-let-7c-5p, hsa-let-7d-5p, hsa-let-7e-5p, hsa-let-7f-5p, hsa-let-7g-5p, hsa-let-7i-5p, hsa-miR-126-3p, hsa-miR-196b-5p, hsa-miR-200a-5p, hsa-miR-98-5p
10055, 10092, 10184, 10376, 10440, 10672, 10802, 11021, 11160, 11335, 115207, 1176, 123, 1514, 157769, 160, 170506, 1967, 23367, 23450, 23534, 23613, 2589, 25903, 25939, 25963, 27436, 2771, 29959, 301, 3073, 3417, 375056, 3840, 3936, 4154, 4238, 4605, 4659, 488, 5054, 51363, 51569, 51816, 5287, 53, 5361, 5431, 54442, 54919, 5501, 55014, 5504, 55041, 5514, 55157, 55183, 5534, 5573, 5611, 5687, 5713, 57649, 5887, 5908, 5921, 6059, 6185, 6201, 6241, 6319, 6386, 64343, 6455, 6464, 64866, 6510, 665, 6659, 6734, 677, 6777, 6990, 7027, 7045, 7071, 7167, 7329, 7431, 7453, 7525, 7529, 7534, 79139, 79644, 79665, 7979, 80335, 80777, 8140, 81567, 81631, 8202, 829, 8301, 836, 84248, 8453, 84923, 865, 8754, 8804, 8872, 8974, 91663, 9218, 94081, 9475, 9644, 9790, 9885, 9929, 999, hsa-miR-28-3p, hsa-miR-30a-5p, hsa-miR-30b-5p, hsa-miR-30c-2-3p, hsa-miR-30c-5p, hsa-miR-30d-5p, hsa-miR-30e-5p
1009, 10484, 10499, 1122, 11260, 1432, 1499, 1545, 170954, 2033, 2113, 2289, 23176, 2321, 23271, 2335, 23471, 26986, 2934, 3481, 3685, 3725, 387, 3939, 4478, 4638, 493869, 5062, 51719, 5230, 529, 5335, 54453, 55697, 56987, 5708, 6198, 6309, 63916, 7037, 7077, 7456, 7913, 871, 8829, 8933, 9043, 9444, 9448, 989, hsa-miR-141-3p, hsa-miR-200a-3p, hsa-miR-200b-3p, hsa-miR-200c-3p, hsa-miR-200c-5p, hsa-miR-429
10009, 10049, 10059, 10109, 103, 1040, 10487, 10594, 10600, 1069, 10725, 10866, 10890, 10957, 11057, 11118, 11215, 112399, 1130, 114908, 116064, 116496, 116841, 1182, 1213, 122786, 127262, 132720, 1363, 1385, 1452, 147179, 148789, 148867, 1520, 153339, 1536, 1540, 159, 1601, 164, 1783, 19, 1982, 200081, 210, 2149, 219285, 22856, 22887, 23013, 23022, 23049, 23065, 23194, 23253, 23293, 23307, 23317, 23324, 23429, 23503, 23527, 23530, 23633, 23673, 23731, 246175, 25843, 25932, 25978, 26224, 26234, 2635, 26523, 26959, 2697, 27249, 2799, 284119, 28951, 2908, 29766, 3017, 3032, 30836, 3092, 3134, 331, 3312, 339745, 3454, 3486, 351, 3659, 3716, 372, 378, 392, 3927, 399665, 400, 4074, 4170, 4179, 4299, 4548, 4642, 4666, 4681, 4735, 5048, 50488, 50717, 50807, 51043, 51100, 51132, 51148, 51248, 51274, 51322, 51429, 51465, 51474, 51479, 51616, 5162, 51696, 51727, 51742, 51752, 5306, 5327, 5328, 53827, 5396, 54462, 54726, 5476, 54832, 54842, 54856, 54874, 54989, 55017, 55054, 55102, 5520, 55205, 55227, 5529, 55333, 55625, 55653, 55654, 55669, 5567, 55720, 55727, 55752, 5594, 56172, 567, 56929, 57003, 57169, 57189, 57223, 57326, 5738, 57493, 57515, 57659, 5768, 57826, 5832, 5869, 5879, 59084, 5925, 59277, 5934, 6118, 6307, 6310, 63971, 6400, 64094, 64430, 64784, 64924, 6498, 6526, 659, 66008, 6651, 6670, 6774, 6925, 7048, 7126, 7158, 7171, 7316, 7319, 7572, 79143, 79158, 79443, 79660, 79718, 79834, 79837, 79901, 80205, 80218, 80255, 8030, 824, 8337, 8370, 83716, 83737, 8411, 84159, 84196, 84669, 84919, 85461, 8560, 857, 861, 8682, 8729, 8887, 8897, 8976, 8992, 9053, 9135, 91408, 91612, 9189, 92912, 9320, 94134, 94241, 947, 9517, 9673, 9683, 9709, 9741, 9748, 9765, 9766, 9813, 9859, 9887, 9919, 9927, hsa-miR-101-3p, hsa-miR-106b-5p, hsa-miR-130a-3p, hsa-miR-142-5p, hsa-miR-17-5p, hsa-miR-19b-3p, hsa-miR-20a-5p, hsa-miR-223-3p, hsa-miR-361-5p, hsa-miR-93-5p
10116, 10238, 10513, 10658, 10724, 10771, 11073, 11176, 11343, 1345, 1500, 152006, 1655, 222068, 22858, 22859, 22862, 23038, 23067, 23095, 23158, 23386, 23607, 25977, 27125, 27332, 285636, 323, 324, 3636, 4082, 4763, 50618, 50999, 51111, 54472, 54910, 55379, 58508, 5914, 5929, 59349, 5987, 6239, 63917, 64324, 64397, 64756, 648, 65018, 6542, 6654, 6738, 7259, 7267, 7357, 7543, 7707, 79137, 80315, 808, 8943, 9520, 9788, 9867, 9969, 9975, hsa-miR-146b-3p, hsa-miR-205-5p, hsa-miR-27a-3p, hsa-miR-27b-3p, hsa-miR-28-5p, hsa-miR-708-5p
10135, 10466, 10592, 10988, 11052, 1317, 1642, 1778, 182, 1968, 2132, 2181, 22834, 22931, 23008, 23019, 23023, 2309, 23165, 23186, 23219, 23283, 23379, 23670, 254048, 2591, 26064, 26994, 27044, 27075, 29116, 29123, 2956, 30849, 3321, 4040, 4144, 4193, 4651, 4719, 4893, 4898, 4905, 5058, 51068, 51313, 51466, 51631, 523, 5420, 54434, 54545, 54906, 55186, 5537, 55614, 55754, 55852, 5597, 56254, 56886, 56889, 57459, 5824, 5965, 602, 64225, 64710, 6711, 6747, 6845, 7150, 7328, 7465, 7586, 79646, 79654, 80351, 81857, 8239, 8334, 84061, 84299, 85456, 8672, 8723, 9685, 9690, 9804, 9972, hsa-miR-21-3p, hsa-miR-221-3p, hsa-miR-26a-5p, hsa-miR-26b-5p, hsa-miR-365a-3p, hsa-miR-365b-3p
