1003, 10238, 10513, 10658, 10724, 10769, 10866, 11051, 11236, 118, 1345, 140735, 1500, 152006, 153339, 157638, 162073, 1983, 2, 201266, 2036, 22818, 22858, 22862, 22887, 22936, 23038, 23047, 23067, 23107, 23158, 23199, 23386, 23607, 23637, 26353, 27230, 27332, 285362, 285527, 285636, 2872, 28996, 29997, 30008, 34, 3611, 3955, 3958, 399979, 4089, 4218, 4240, 4289, 4297, 463, 4763, 493, 50618, 50999, 51247, 55204, 55746, 563, 56892, 56894, 57062, 57532, 57580, 57590, 57630, 5818, 58508, 5914, 59349, 6134, 6239, 6256, 6387, 64324, 64397, 64756, 64841, 6542, 6667, 6670, 6709, 6738, 6876, 7026, 7073, 710, 7259, 7267, 7284, 7326, 7465, 7543, 7707, 79137, 79818, 80195, 80315, 80347, 80854, 84159, 8450, 84726, 8520, 8522, 8848, 8879, 8943, 91369, 9184, 92579, 9306, 9520, 9619, 9673, 9788, 9867, 9969, 9975, hsa-miR-128-3p, hsa-miR-146b-3p, hsa-miR-27a-3p, hsa-miR-27b-3p, hsa-miR-28-5p, hsa-miR-423-5p, hsa-miR-708-5p
10884, 127829, 1314, 169611, 2066, 2098, 22836, 23195, 23361, 3303, 4282, 4646, 51351, 54014, 55250, 573, 6781, 79901, 84196, 84896, 9358, 9645, hsa-miR-146a-5p, hsa-miR-146b-5p, hsa-miR-589-5p
10009, 10130, 10274, 10560, 10905, 11073, 11212, 114882, 115, 144348, 1452, 1654, 1783, 2060, 23001, 23023, 23171, 23186, 257397, 25978, 26037, 27125, 2799, 2805, 3423, 382, 3836, 3843, 3845, 3909, 3998, 440193, 51132, 51199, 51773, 5205, 5226, 54407, 54469, 54800, 55193, 5530, 55353, 5552, 55629, 55754, 5580, 55904, 5604, 5618, 56889, 57561, 5814, 5927, 6049, 6272, 6319, 659, 7110, 7184, 7266, 7468, 79364, 79718, 79754, 80012, 80218, 8065, 80830, 8567, 8812, 900, 91748, 9282, 9318, 93664, 9371, 9632, 9818, 9897, 9908, 9991, hsa-miR-181a-5p, hsa-miR-181b-5p, hsa-miR-181c-5p
10048, 10114, 10146, 10150, 10527, 10906, 10988, 1317, 140609, 148789, 1604, 1642, 1665, 23213, 2332, 23352, 23367, 25932, 25941, 26057, 2734, 2926, 2956, 29789, 30849, 3182, 3192, 375, 3838, 4001, 4436, 4651, 5096, 51164, 51604, 5286, 53981, 54442, 5478, 54918, 5501, 55591, 55752, 5591, 56886, 57674, 57862, 5868, 64645, 647979, 64924, 65125, 6607, 6720, 6745, 6747, 6782, 6814, 7046, 7247, 7319, 7756, 7874, 79832, 824, 8872, 9352, 9659, 9716, 9917, hsa-miR-101-3p, hsa-miR-26a-5p, hsa-miR-378a-3p
23326, 29015, 29123, 54861, 57459, 6446, 64710, 6721, 79892, 84146, 9686, hsa-miR-365a-3p, hsa-miR-365b-3p
10025, 10066, 10169, 10193, 10263, 10299, 103, 1040, 10443, 10444, 10472, 10483, 10487, 10509, 10565, 10600, 10614, 1069, 10725, 10743, 10818, 10847, 10904, 10955, 10972, 11057, 11118, 11215, 112399, 1130, 113235, 115294, 116064, 116496, 122786, 123811, 124454, 127262, 132720, 1374, 1385, 1465, 146923, 147179, 148867, 1520, 1528, 1536, 1540, 158293, 159, 1601, 163882, 164, 1655, 167153, 1785, 19, 1903, 1965, 1992, 20, 2013, 2034, 2107, 2149, 219285, 223, 22834, 22848, 22856, 22905, 22928, 22990, 23011, 23014, 23022, 23167, 23197, 23253, 23317, 23324, 23344, 23387, 23463, 23503, 23509, 23527, 23588, 23612, 23633, 23645, 23673, 246175, 255743, 25778, 25782, 2580, 25946, 26007, 26092, 26118, 26234, 2635, 26580, 26959, 26994, 27327, 2764, 2768, 2801, 2806, 283373, 284058, 284119, 286148, 28972, 29066, 2908, 2909, 29108, 29116, 29766, 29883, 29957, 3017, 3032, 3064, 3092, 3093, 3098, 3276, 331, 334, 339745, 3454, 36, 360023, 372, 388, 389, 392, 3927, 3988, 399665, 400, 4043, 4090, 410, 4193, 4204, 4299, 4323, 4591, 4642, 4660, 4681, 490, 4928, 497661, 5007, 5048, 50717, 5094, 51, 51015, 51043, 51100, 51111, 51148, 51274, 51341, 51361, 51430, 51465, 51474, 51479, 5155, 51616, 5162, 517, 5170, 51742, 51752, 5306, 5327, 5430, 54462, 54467, 54495, 54499, 54664, 54700, 54726, 5476, 54832, 54855, 54856, 54874, 54940, 5495, 54978, 54989, 55017, 55054, 55102, 55177, 5537, 55625, 55653, 55654, 55662, 5567, 55686, 55690, 5573, 55831, 55958, 5601, 56061, 56172, 56674, 567, 56904, 56929, 57003, 57169, 57178, 57179, 57182, 57189, 57326, 5738, 57403, 57493, 57506, 57515, 5756, 57606, 57659, 5768, 57698, 57798, 5828, 5869, 5872, 59084, 5925, 59277, 5934, 599, 602, 63027, 6307, 6310, 63892, 64094, 64132, 64167, 644, 64777, 64784, 64786, 6498, 6513, 6526, 6651, 6774, 6813, 6845, 6879, 6925, 7040, 7048, 7126, 7182, 7227, 7249, 7251, 7316, 7464, 7581, 7764, 7812, 7832, 79038, 7905, 79086, 79158, 79624, 79646, 79660, 79666, 79834, 79837, 79939, 80205, 80223, 80232, 80255, 8030, 80351, 81603, 8202, 83716, 83737, 8408, 84669, 84720, 84836, 84919, 85461, 857, 8574, 8658, 8682, 8729, 8741, 8763, 8878, 8887, 8992, 901, 9053, 91, 91039, 9114, 9135, 91612, 91746, 91768, 9189, 9231, 9260, 9262, 92912, 9321, 93624, 94103, 94241, 9497, 9517, 9646, 9741, 9748, 9761, 9766, 9778, 9807, 9813, 9857, 9879, 9919, 9922, 9926, 9927, hsa-miR-106b-5p, hsa-miR-126-5p, hsa-miR-1307-3p, hsa-miR-130a-3p, hsa-miR-142-5p, hsa-miR-150-5p, hsa-miR-17-3p, hsa-miR-17-5p, hsa-miR-181a-3p, hsa-miR-181c-3p, hsa-miR-19b-3p, hsa-miR-20a-5p, hsa-miR-223-3p, hsa-miR-374a-3p, hsa-miR-374b-5p, hsa-miR-501-3p, hsa-miR-532-5p, hsa-miR-574-3p, hsa-miR-629-5p, hsa-miR-93-5p
10097, 10128, 10180, 10217, 10311, 10314, 10423, 10490, 10498, 10519, 10525, 10548, 10558, 10607, 10625, 10645, 10678, 10762, 10766, 10908, 10971, 1107, 11108, 11176, 11198, 11244, 11276, 11313, 113146, 113178, 1182, 1191, 123096, 1266, 128637, 128866, 130507, 1312, 132864, 1389, 1399, 140890, 143384, 1454, 1462, 146223, 150094, 1509, 151887, 154810, 157922, 161742, 163, 1964, 2030, 2131, 217, 2194, 220002, 22859, 22906, 22996, 23174, 23193, 23207, 23215, 23262, 23405, 23530, 23644, 23650, 23677, 2495, 253143, 25820, 25843, 25847, 25940, 25949, 25957, 25963, 25994, 26010, 26135, 26156, 26517, 26523, 2665, 2683, 27, 27018, 27042, 27183, 2782, 284996, 286144, 286343, 290, 29035, 3267, 3312, 3321, 339287, 3460, 351, 3643, 3673, 3691, 3708, 3799, 3839, 387521, 389541, 3914, 3920, 396, 400793, 403, 4088, 4134, 4602, 4644, 4645, 4782, 4790, 4853, 4952, 5045, 50488, 5062, 51026, 51092, 51097, 51232, 51320, 51330, 51585, 51652, 5166, 51706, 51768, 518, 5194, 5257, 5295, 5339, 5434, 54431, 54836, 5494, 54998, 55004, 55041, 55052, 5518, 55183, 5527, 55288, 55291, 55334, 55611, 5562, 55643, 55830, 55870, 55970, 56204, 5693, 56951, 56990, 57120, 57142, 57148, 57534, 58477, 58490, 5887, 5930, 6050, 6137, 6160, 6189, 6198, 6218, 6249, 64326, 64423, 6449, 64743, 64755, 6497, 65059, 6548, 6558, 6629, 667, 6749, 6856, 6992, 7020, 7049, 7082, 7169, 7170, 7286, 728661, 7328, 7360, 7410, 7414, 7456, 7533, 771, 7798, 78992, 79001, 79073, 79188, 79447, 79572, 813, 8131, 821, 830, 8349, 84263, 8451, 84516, 8452, 8473, 8535, 85465, 8553, 8573, 8613, 8650, 8731, 8733, 8760, 8897, 8904, 89122, 8945, 90411, 9052, 90861, 9110, 9354, 9360, 9375, 9526, 9538, 9592, 9612, 9683, 9690, 9743, 9823, 9874, 9902, 9931, 9950, 9967, 9987, hsa-miR-103a-3p, hsa-miR-107, hsa-miR-127-3p, hsa-miR-15a-5p, hsa-miR-15b-5p, hsa-miR-16-5p, hsa-miR-195-5p, hsa-miR-424-5p
10067, 10072, 10101, 10113, 10280, 10318, 10327, 10336, 10512, 1059, 10611, 10857, 10867, 10885, 10907, 10914, 10963, 10973, 1105, 11060, 11083, 11273, 113829, 1174, 124583, 1340, 137886, 137964, 140688, 140775, 1408, 142, 1431, 1453, 1457, 151636, 1603, 162427, 1660, 1729, 1827, 1843, 1973, 1981, 200081, 203068, 2108, 2193, 221037, 222068, 2237, 22838, 22938, 22984, 23060, 23082, 23089, 23118, 23129, 23203, 23204, 23277, 23313, 23389, 23392, 23468, 23523, 23608, 23646, 255488, 25792, 25798, 25803, 25844, 25896, 26003, 26100, 26130, 2617, 26173, 26190, 262, 26574, 2720, 2739, 2778, 2787, 2803, 28969, 28973, 28974, 29088, 2931, 29894, 2997, 3035, 3066, 3157, 3159, 3164, 3297, 3308, 3313, 3422, 3480, 3614, 3675, 377, 391, 408050, 4194, 4209, 4343, 4363, 4522, 4677, 4686, 4833, 4837, 4849, 4864, 488, 4893, 4925, 4976, 5036, 5089, 51126, 51177, 51203, 51236, 51253, 51279, 51292, 51337, 51428, 51447, 51571, 51614, 5315, 5331, 5425, 54432, 54471, 54555, 54880, 54910, 550, 55011, 55031, 55095, 55114, 5520, 55207, 55215, 552889, 55333, 55362, 55526, 55585, 55689, 55705, 55858, 55860, 5605, 56616, 56647, 56681, 5690, 56926, 57410, 5747, 57509, 57510, 582, 58485, 58533, 5860, 5862, 5885, 595, 5962, 598, 60, 6156, 6182, 6240, 6241, 629, 6294, 6389, 6397, 64943, 64951, 65108, 6597, 6598, 6599, 6613, 6626, 6631, 6635, 6712, 6764, 6789, 6809, 6836, 6897, 6924, 6945, 6949, 7003, 7057, 7109, 7163, 7165, 718, 7280, 7322, 7329, 7341, 7494, 7534, 79077, 79180, 79602, 79711, 801, 80267, 80818, 8085, 8106, 81554, 81563, 81688, 822, 8243, 8404, 84231, 84232, 84293, 84440, 8454, 84640, 8476, 84790, 84818, 84914, 85236, 85403, 85406, 8560, 8614, 8669, 8773, 8799, 8884, 8886, 8932, 896, 8976, 89797, 90007, 9031, 9040, 9069, 9100, 9191, 9238, 9277, 9289, 9296, 9328, 9391, 9406, 9439, 9547, 955, 9550, 9685, 9689, 9709, 975, 9775, 9784, 9862, 9883, 9887, 9898, 9918, 994, hsa-let-7a-5p, hsa-let-7b-5p, hsa-let-7c-5p, hsa-let-7d-5p, hsa-let-7e-5p, hsa-let-7f-5p, hsa-let-7g-5p, hsa-let-7i-3p, hsa-let-7i-5p, hsa-miR-1307-5p, hsa-miR-203b-3p, hsa-miR-320a, hsa-miR-379-5p, hsa-miR-582-3p, hsa-miR-98-5p
1009, 10395, 10413, 10484, 10499, 10516, 10672, 10979, 1432, 1545, 170954, 2033, 2113, 2289, 22931, 23131, 23176, 2321, 23271, 2335, 23362, 23471, 2934, 29761, 338773, 3481, 3667, 3725, 378938, 3791, 387, 390, 3939, 4074, 4170, 4478, 4628, 4659, 4915, 493869, 51271, 51719, 5310, 5335, 54453, 546, 54887, 55914, 56241, 56650, 56987, 5728, 57542, 57826, 5879, 6277, 63916, 63971, 64207, 6464, 6776, 687, 7077, 79956, 8036, 8314, 8829, 8933, 9043, 9444, 9448, 9475, 9728, 989, hsa-miR-141-3p, hsa-miR-200a-3p, hsa-miR-200b-3p, hsa-miR-200c-3p, hsa-miR-429
10015, 10040, 10121, 10140, 10175, 10239, 1025, 10296, 10421, 10425, 10451, 10458, 10564, 10768, 10783, 10945, 11070, 11094, 1112, 11138, 11145, 11151, 11188, 11226, 11264, 11315, 113246, 11328, 11338, 116228, 1213, 134553, 1523, 153090, 1635, 1847, 197131, 204851, 21, 23094, 23122, 23152, 23154, 23162, 23258, 23295, 23328, 23348, 23396, 23479, 23499, 23516, 23524, 23543, 23550, 23558, 23704, 23770, 2548, 25800, 25915, 25921, 25942, 260425, 26115, 26504, 27020, 2760, 2776, 2802, 284106, 2878, 29, 2947, 2962, 2975, 29946, 30, 311, 3133, 3550, 3964, 4077, 4131, 414, 4192, 4245, 427, 4350, 4582, 4637, 4698, 4736, 4779, 4848, 51246, 51429, 51564, 51809, 53838, 54439, 5445, 54776, 5480, 54890, 55324, 55558, 55577, 55588, 55623, 55624, 56937, 56957, 5711, 57130, 57492, 57592, 57613, 57804, 5829, 5836, 58506, 6047, 60559, 60626, 60684, 6238, 6302, 6309, 6430, 64744, 64853, 64921, 65056, 6574, 65982, 6744, 6773, 6778, 6867, 689, 7016, 7178, 7327, 7358, 7430, 7503, 757, 7572, 7844, 79027, 79717, 79719, 79770, 80139, 80228, 8073, 81671, 81855, 84162, 84188, 84333, 84572, 85379, 8673, 8743, 8826, 8925, 8991, 9, 9124, 9180, 9230, 9236, 9266, 9380, 950, 9537, 9545, 9620, 96459, 9695, 9815, 9852, 9980, hsa-miR-143-5p, hsa-miR-200c-5p, hsa-miR-210-3p, hsa-miR-25-3p, hsa-miR-28-3p, hsa-miR-455-3p, hsa-miR-500a-3p, hsa-miR-92a-3p, hsa-miR-92b-3p
10116, 10123, 10127, 10227, 10397, 10765, 10797, 10933, 11098, 11160, 114823, 114904, 114907, 115207, 116138, 1195, 1277, 1278, 1281, 1282, 1284, 1287, 1289, 1290, 1292, 1293, 1300, 1306, 143888, 150275, 1508, 151011, 152503, 1656, 1793, 1824, 1912, 1917, 1958, 1979, 2012, 202, 2059, 2200, 22801, 22828, 22872, 23164, 23309, 23332, 23336, 23350, 23621, 253827, 254102, 25853, 25897, 26018, 26020, 26065, 261726, 26585, 27122, 284611, 28511, 2932, 3105, 3146, 3156, 3162, 3306, 3554, 3655, 3688, 3707, 4015, 4017, 4040, 4162, 4313, 444, 4678, 4680, 4739, 481, 4811, 50509, 51125, 51272, 51283, 51307, 5159, 5209, 5216, 5328, 5358, 5467, 54972, 55075, 55701, 55832, 55884, 56882, 56998, 57496, 57584, 57591, 57619, 57708, 59345, 5979, 6038, 6059, 6210, 6228, 6229, 64175, 64210, 6423, 6624, 6659, 6678, 6767, 6993, 7043, 7171, 7386, 7428, 7803, 7837, 8038, 80381, 80829, 81566, 81875, 8321, 8322, 8324, 83442, 8396, 84247, 84545, 84629, 8498, 871, 8924, 90355, 9169, 91754, 9315, 9349, 94005, 9618, 966, 9665, 9697, 998, hsa-miR-182-5p, hsa-miR-183-5p, hsa-miR-192-5p, hsa-miR-29a-3p, hsa-miR-29b-3p, hsa-miR-29c-3p, hsa-miR-3065-3p, hsa-miR-338-3p
10084, 10106, 10109, 10120, 10155, 10211, 10291, 10437, 10449, 10457, 1051, 10514, 10554, 107, 10749, 10949, 10980, 11078, 11079, 11135, 11140, 11167, 11214, 11252, 116985, 116988, 124565, 140576, 144983, 171023, 171568, 1727, 1809, 1822, 1831, 1933, 1938, 1954, 1975, 2114, 2130, 219771, 221927, 221937, 22839, 22907, 22937, 22993, 23013, 23053, 23070, 23102, 2314, 23140, 2316, 23191, 23216, 23224, 23241, 23264, 23379, 23380, 23384, 23406, 23476, 23513, 2356, 23580, 253725, 25805, 25829, 2590, 25959, 25970, 26064, 26121, 27043, 27044, 27242, 2821, 283149, 283638, 28988, 293, 2936, 3054, 30851, 309, 3107, 3178, 3188, 3340, 3608, 3609, 3654, 3659, 3712, 4034, 4054, 4122, 4174, 4214, 4318, 439, 439921, 4548, 4627, 4670, 4723, 4784, 4791, 4854, 4904, 4924, 4953, 50809, 51024, 51073, 51079, 51150, 5116, 51160, 51280, 51374, 51435, 51493, 51603, 5184, 5211, 5297, 5351, 5371, 54206, 5428, 5441, 54434, 54472, 54476, 54480, 54765, 54829, 55230, 55593, 55684, 55700, 55707, 55735, 55893, 5595, 56262, 5641, 5660, 56654, 56850, 56970, 56997, 57124, 57190, 57198, 57473, 57488, 5754, 57661, 5780, 5796, 59, 593, 5965, 6046, 6122, 6124, 6125, 6132, 6133, 6136, 6138, 6141, 6142, 6146, 6154, 6157, 6158, 6164, 6167, 6175, 6181, 6203, 6204, 6208, 6209, 6222, 6227, 6257, 63917, 6422, 6424, 64599, 64760, 65083, 6522, 6595, 6625, 6722, 6746, 682, 6829, 6942, 7094, 7105, 7205, 7343, 7391, 7402, 7458, 7791, 790, 79143, 7916, 7917, 79171, 79586, 79784, 79932, 800, 80781, 81533, 81555, 81622, 8189, 819, 8260, 84271, 8525, 8531, 85456, 8566, 8665, 87, 8721, 90324, 90956, 91300, 91782, 9181, 9267, 9344, 9361, 9467, 9510, 9567, 9701, 9727, 9870, 9909, 9972, hsa-miR-149-5p, hsa-miR-191-5p, hsa-miR-193b-3p, hsa-miR-26b-5p, hsa-miR-328-3p, hsa-miR-423-3p, hsa-miR-484, hsa-miR-99b-3p, hsa-miR-99b-5p
10054, 10056, 10195, 10772, 11014, 11311, 11325, 143244, 149603, 1984, 2011, 23020, 23598, 29117, 29796, 29979, 3020, 3150, 328, 3376, 3638, 4695, 4704, 4718, 498, 5018, 5052, 5093, 51012, 51368, 514, 51529, 5217, 55827, 5683, 5686, 56993, 5917, 5955, 6396, 64426, 6732, 6892, 6950, 7314, 7415, 7520, 7531, 79644, 826, 8337, 8467, 8723, 9093, 9377, 94239, 9527, 9555, hsa-miR-100-5p, hsa-miR-99a-5p
10460, 10573, 10723, 115908, 1316, 146691, 222, 22870, 22889, 22913, 23135, 23345, 25930, 27089, 3148, 5621, 57104, 645, 64769, 6652, 7323, 79641, 79689, 81579, 81876, 83871, 84311, 84898, 8527, 8675, 90231, 9869, hsa-miR-127-5p, hsa-miR-148a-3p, hsa-miR-148b-3p, hsa-miR-152-3p
10147, 10262, 10376, 10456, 10529, 1054, 10606, 10767, 10801, 10928, 10938, 10969, 10987, 11047, 11137, 11331, 115098, 1186, 1209, 1349, 1350, 149986, 1737, 1855, 191, 1978, 2023, 207, 22880, 22919, 23054, 23076, 23133, 23165, 23244, 23420, 23435, 23589, 2521, 252839, 25804, 25917, 26986, 26996, 283987, 28985, 2907, 292, 2937, 2976, 3021, 3068, 3151, 3304, 3320, 353, 3703, 3880, 3912, 400451, 4037, 4047, 4141, 4152, 4673, 47, 4711, 4831, 4869, 4898, 51124, 515, 51727, 53635, 5437, 54815, 54888, 54946, 5496, 5499, 5515, 55159, 55527, 5571, 5689, 57132, 5719, 5725, 57460, 5867, 5911, 613, 6352, 6390, 6426, 6434, 6472, 64771, 6520, 6576, 6830, 6923, 7001, 71, 7167, 7392, 7416, 7525, 7846, 79017, 79036, 80020, 80727, 80851, 8148, 81611, 8237, 84532, 84991, 8694, 8703, 891, 91289, 9551, 9780, 9939, hsa-miR-10a-5p, hsa-miR-10b-5p, hsa-miR-125a-5p, hsa-miR-125b-5p
10055, 10184, 10381, 10440, 10605, 10613, 10802, 10856, 10890, 10959, 11260, 1175, 123, 1267, 135112, 1514, 160, 1615, 1650, 170506, 1786, 1848, 204, 2049, 22929, 23190, 23234, 23338, 23423, 23481, 2355, 23613, 25, 2517, 25777, 2589, 25903, 26000, 26035, 2618, 26258, 27436, 2771, 29959, 301, 3417, 3658, 3716, 375056, 3832, 3936, 3949, 401505, 4125, 4154, 4238, 4267, 4605, 4643, 4691, 475, 4851, 4967, 5054, 50848, 51363, 51582, 51692, 5236, 5270, 528, 5287, 53, 5359, 5361, 5431, 5432, 5464, 54732, 54809, 5504, 5514, 55157, 55239, 5532, 5534, 55660, 55718, 55737, 5589, 5606, 5611, 5713, 5937, 60481, 607, 6168, 6185, 6305, 6386, 64225, 6455, 6643, 6717, 6734, 677, 6929, 6990, 7027, 7045, 7431, 7514, 7763, 79139, 79647, 79888, 80301, 80308, 80335, 8140, 81567, 81631, 8301, 833, 8417, 847, 865, 8724, 8754, 8804, 8974, 9021, 90701, 91663, 9240, 9320, 9334, 9341, 9462, 953, 9563, 9644, 9790, 9929, hsa-let-7a-3p, hsa-let-7b-3p, hsa-miR-30a-5p, hsa-miR-30b-5p, hsa-miR-30c-5p, hsa-miR-30d-5p, hsa-miR-30e-5p, hsa-miR-342-3p
10298, 1104, 112939, 113452, 171017, 3099, 3309, 3398, 3607, 4171, 4296, 4720, 51107, 51114, 51631, 55466, 55500, 57018, 58487, 60685, 6242, 6596, 6772, 6794, 7283, 7374, 738, 7422, 780, 7919, 79885, 80155, 8079, 8323, 84823, 8508, 9144, 977, 999, hsa-miR-145-5p, hsa-miR-199a-3p, hsa-miR-199a-5p, hsa-miR-199b-3p, hsa-miR-199b-5p
