10067, 10238, 10513, 10628, 10657, 10724, 10866, 10919, 11051, 11236, 140735, 1432, 152006, 157638, 171017, 2, 2193, 22858, 22887, 22936, 23107, 23158, 23199, 23607, 23637, 2629, 2650, 27125, 285527, 2997, 30008, 3094, 3122, 323, 328, 3708, 3842, 3930, 4087, 4089, 4090, 4289, 4297, 4322, 463, 4683, 4716, 4763, 4780, 4939, 50618, 51366, 51495, 51571, 51780, 5245, 5287, 54386, 55187, 55196, 55204, 55249, 55269, 55656, 55746, 56892, 56894, 57532, 57590, 57630, 58508, 5987, 60681, 6129, 6239, 6426, 6451, 64756, 6542, 6654, 6670, 6738, 6850, 7026, 710, 7105, 7267, 7326, 7465, 79137, 79647, 79699, 79932, 80347, 81567, 81607, 8394, 8407, 8454, 84641, 84720, 8570, 8879, 8886, 8894, 8943, 9026, 91369, 9184, 9282, 94241, 9516, 9619, 9648, 9688, 9802, 9877, 9975, hsa-miR-128-3p, hsa-miR-132-3p, hsa-miR-27a-3p, hsa-miR-27b-3p
10025, 10049, 10059, 10066, 10097, 10109, 10169, 10204, 10299, 103, 10443, 10444, 10484, 10487, 10493, 10509, 10564, 10572, 10600, 10614, 10618, 10725, 11057, 11118, 11215, 112399, 1130, 114908, 116064, 116496, 118, 122786, 127262, 1316, 140885, 1452, 148867, 1528, 153830, 1540, 1601, 161291, 1613, 164, 1783, 1808, 1974, 2034, 2149, 219285, 221035, 221937, 22834, 22848, 22856, 22877, 22928, 23014, 23065, 23112, 23197, 23253, 23286, 23317, 23324, 23370, 23429, 23463, 23508, 23509, 23527, 23645, 23673, 23731, 253143, 255743, 2580, 25932, 25946, 26007, 26118, 26133, 26234, 2635, 26523, 26580, 26586, 26959, 27249, 27258, 27327, 2778, 2799, 2801, 283373, 284119, 285362, 28972, 2908, 2909, 3032, 3064, 3091, 3092, 3134, 3149, 331, 339745, 3454, 36, 3688, 3707, 3716, 372, 389, 3915, 392, 3927, 3949, 3984, 399665, 400, 4043, 4204, 4298, 4299, 4627, 4642, 4677, 4681, 4735, 4792, 483, 4928, 5048, 50717, 50807, 51043, 51100, 51111, 51132, 51148, 51199, 51248, 51274, 51290, 51430, 51433, 51474, 51479, 5162, 5170, 51742, 51752, 5214, 5250, 5306, 5327, 53615, 53827, 54462, 54476, 5476, 54832, 54855, 54856, 54874, 54978, 54989, 55017, 55054, 55074, 55076, 55205, 55256, 5534, 55577, 55654, 55662, 55669, 5567, 55727, 5594, 5601, 56172, 5621, 56288, 56674, 567, 56929, 56987, 57003, 57169, 57178, 57179, 57182, 57189, 57223, 57326, 5738, 57403, 57493, 57506, 57515, 57606, 57645, 57655, 57659, 57698, 5802, 5869, 5925, 59277, 6035, 63027, 6307, 6310, 6319, 64094, 644, 64784, 6497, 6498, 6526, 659, 66008, 6711, 6774, 6845, 6925, 7009, 7048, 7107, 7109, 7126, 7171, 7182, 7249, 7251, 7316, 7360, 7458, 7803, 7812, 7871, 79038, 7905, 79158, 79660, 79834, 79837, 79901, 80020, 80205, 80218, 80255, 80301, 80351, 81603, 8202, 83716, 83737, 83892, 8408, 84295, 84376, 84669, 84836, 85461, 857, 8574, 8682, 8729, 8874, 8878, 8881, 8887, 8991, 8992, 91, 91010, 91039, 91612, 9168, 91748, 9189, 9231, 9260, 9262, 93624, 9467, 950, 9517, 961, 9673, 9683, 9741, 9748, 9765, 9766, 9778, 9813, 9859, 9887, 9919, 9922, 9926, 9948, hsa-miR-106b-5p, hsa-miR-142-5p, hsa-miR-17-5p, hsa-miR-19b-3p, hsa-miR-20a-5p, hsa-miR-20b-5p, hsa-miR-93-5p
10055, 10094, 10175, 10184, 10239, 10421, 10577, 10906, 10961, 11083, 11138, 11140, 11145, 11151, 11221, 112398, 11267, 11315, 113246, 11328, 11345, 115294, 1327, 161, 1718, 1727, 1743, 1778, 1890, 197131, 2010, 21, 22904, 22993, 23152, 23154, 23258, 23307, 23351, 23383, 23396, 23499, 23516, 23770, 2539, 2548, 25829, 25921, 26010, 26099, 26119, 26502, 26504, 2677, 27243, 27333, 2760, 2802, 280636, 283149, 283638, 2876, 29, 29109, 29115, 2947, 30, 30851, 3096, 311, 3572, 3636, 375056, 3912, 4000, 4052, 4082, 4131, 415116, 427, 4637, 4691, 4708, 473, 475, 4848, 5037, 50848, 51021, 51031, 51142, 51246, 51280, 51669, 518, 52, 5216, 5335, 5445, 54460, 54467, 5447, 54472, 5479, 5480, 54918, 550, 55161, 5518, 55558, 55571, 55588, 55624, 56259, 5631, 5688, 56937, 5694, 56975, 5711, 57130, 57446, 5754, 5795, 5829, 5863, 5901, 5912, 5934, 6047, 60559, 60626, 6122, 6189, 6208, 6238, 6302, 64359, 64744, 64747, 64764, 65220, 6535, 6625, 6730, 6744, 6867, 7016, 7178, 7284, 7358, 7389, 7453, 7572, 7844, 79717, 79770, 80781, 8131, 81614, 8303, 832, 8337, 84162, 84337, 8519, 85379, 8662, 8666, 8704, 873, 90850, 9124, 9139, 9266, 9375, 9445, 9491, 9525, 9601, 9697, 9701, 9761, 9815, 9980, 999, hsa-miR-151a-3p, hsa-miR-200a-5p, hsa-miR-205-5p, hsa-miR-25-3p, hsa-miR-500a-3p, hsa-miR-92a-3p, hsa-miR-92b-3p
10130, 10447, 10905, 11073, 135112, 140775, 192286, 1984, 2006, 2060, 219699, 223, 2280, 22937, 23155, 23171, 23347, 257397, 25939, 25953, 25978, 26037, 28996, 3182, 3608, 382, 3836, 3998, 472, 4898, 51507, 51726, 5205, 5226, 54407, 54469, 54800, 55193, 55233, 55353, 5552, 55745, 55754, 55904, 5604, 57561, 5898, 5908, 6049, 6202, 6272, 6541, 678, 7037, 7110, 7184, 7266, 7412, 79364, 79718, 80012, 8036, 84321, 8613, 8731, 8812, 8907, 920, 9318, 93664, 9470, 9632, hsa-miR-181a-5p, hsa-miR-181b-5p
10007, 10150, 10226, 10269, 10428, 10432, 10605, 10613, 10652, 10672, 10808, 10890, 10959, 11235, 113201, 11335, 1155, 115908, 123, 1267, 1514, 157769, 1659, 1965, 203547, 23160, 23190, 23198, 23367, 23613, 25903, 26000, 2683, 27436, 2771, 29894, 29896, 29959, 334, 3417, 3658, 401505, 4154, 4238, 4267, 4605, 4609, 488, 5033, 5054, 51143, 51278, 51582, 51692, 5270, 528, 5296, 5315, 53339, 5361, 5431, 54442, 5464, 5504, 55157, 55163, 55182, 55183, 55343, 55813, 55818, 5713, 57498, 57534, 57552, 5756, 5887, 5937, 60481, 6117, 6161, 6233, 6241, 6386, 6432, 6449, 6455, 64599, 64866, 665, 6659, 6734, 677, 6780, 7027, 7071, 7157, 7329, 7514, 7763, 79443, 79665, 7979, 79888, 80315, 80335, 8140, 8301, 836, 8409, 84193, 84248, 84365, 8531, 85440, 8678, 8683, 8724, 8754, 8804, 8872, 8890, 8974, 9021, 9031, 9112, 9218, 9341, 9475, 9644, 9690, 9790, 9929, hsa-miR-126-5p, hsa-miR-1307-5p, hsa-miR-30a-5p, hsa-miR-30b-5p, hsa-miR-30c-5p, hsa-miR-30d-5p, hsa-miR-30e-5p, hsa-miR-3607-3p
10101, 10180, 10318, 10327, 10336, 103910, 1048, 10489, 10658, 10723, 10769, 10915, 10971, 10973, 1107, 11180, 11273, 11342, 113829, 114785, 1174, 128, 1340, 137886, 137964, 142, 151636, 157378, 157506, 159195, 1603, 1660, 1843, 1857, 1982, 200081, 203068, 2059, 2067, 2108, 222068, 2224, 22838, 22862, 22919, 22984, 23060, 23082, 23089, 23118, 23129, 23203, 23220, 23231, 23313, 23405, 23468, 23481, 23543, 23646, 23788, 255488, 25896, 26003, 26018, 26057, 26097, 26136, 26173, 26190, 27131, 27324, 27340, 27352, 2768, 2787, 2803, 285636, 2873, 28973, 28974, 28988, 2975, 29997, 3005, 3028, 3098, 3159, 3428, 3480, 3675, 391, 3921, 4008, 4048, 4209, 4686, 4705, 4833, 4849, 4864, 4891, 501, 5018, 5089, 51099, 51116, 51160, 51177, 51236, 51241, 51253, 51337, 51447, 5155, 51585, 51599, 5236, 5425, 54432, 54471, 54480, 54838, 54910, 55004, 55011, 55031, 5510, 55108, 5514, 552889, 55333, 55362, 55526, 55705, 55731, 55833, 55860, 5597, 5605, 56616, 5687, 56926, 56970, 57410, 57414, 57466, 5747, 57470, 57509, 57599, 5831, 58533, 5899, 595, 6136, 6182, 6207, 6240, 6279, 629, 6389, 63917, 64132, 64215, 64324, 64761, 6499, 65108, 6574, 6599, 6697, 6726, 6764, 6773, 6789, 6809, 6836, 7005, 7046, 7057, 7163, 7165, 7280, 7837, 79065, 79068, 79602, 79762, 801, 80267, 80308, 8085, 81554, 81563, 817, 8243, 8365, 84293, 84440, 84640, 8476, 84818, 84914, 84919, 84923, 8508, 85236, 8659, 8669, 8773, 8799, 8805, 8848, 8884, 8932, 8976, 90007, 9040, 9061, 9123, 9135, 9203, 92154, 9238, 9289, 9296, 93185, 9328, 955, 9550, 9580, 9631, 9650, 9685, 9689, 9709, 975, 9775, 9784, 9805, 9821, 9870, 9889, 9898, 994, 997, hsa-let-7a-5p, hsa-let-7b-5p, hsa-let-7c-5p, hsa-let-7d-5p, hsa-let-7e-5p, hsa-let-7f-5p, hsa-let-7g-5p, hsa-let-7i-5p, hsa-miR-196b-5p, hsa-miR-379-5p, hsa-miR-582-3p, hsa-miR-708-5p, hsa-miR-98-5p
10009, 10548, 10645, 10712, 10847, 11214, 113419, 147179, 149603, 1729, 22818, 23049, 23270, 23293, 23428, 24144, 246175, 25940, 25980, 26047, 26985, 2746, 2935, 2936, 29924, 342371, 367, 388228, 4240, 4254, 50813, 50862, 51528, 54882, 54921, 55037, 55206, 55720, 56927, 571, 6134, 6387, 6729, 6786, 6827, 7078, 7520, 7581, 80021, 80124, 821, 92312, 9656, 9757, 9777, 9807, hsa-miR-17-3p, hsa-miR-185-5p, hsa-miR-361-5p, hsa-miR-423-5p
10466, 10497, 10615, 10766, 144348, 148789, 1665, 1846, 2181, 2186, 23085, 23165, 23213, 23243, 2332, 23633, 23774, 2591, 25957, 27075, 27102, 29072, 4193, 4288, 4719, 51164, 51465, 51604, 5528, 5537, 55614, 55671, 57720, 57862, 5824, 5921, 64645, 647979, 65125, 664, 6950, 7172, 7528, 7529, 7531, 80349, 80762, 8242, 84299, 84926, 9352, 9584, hsa-miR-221-3p, hsa-miR-26a-5p, hsa-miR-378a-3p
10116, 1019, 10492, 10539, 10569, 10575, 10765, 10933, 116138, 1277, 1278, 1281, 1282, 1284, 1289, 1290, 1293, 1300, 150275, 1656, 1788, 1824, 200424, 202, 2200, 22828, 22872, 25853, 25897, 2597, 261726, 267, 2932, 30968, 3614, 3655, 3918, 4015, 4017, 4150, 4221, 4324, 4680, 4739, 4811, 50509, 51125, 51307, 5159, 54884, 5538, 55832, 55884, 56882, 5979, 60488, 6059, 6191, 6229, 64175, 64319, 6678, 6897, 6993, 7022, 7043, 7335, 7428, 80223, 80232, 8038, 80381, 808, 80829, 81566, 81875, 84247, 84733, 90102, 9167, 9315, 9334, 94005, 9643, 9817, 9869, hsa-miR-187-3p, hsa-miR-29a-3p, hsa-miR-29b-3p, hsa-miR-29c-3p, hsa-miR-3065-3p
10015, 10128, 10311, 10314, 10498, 10525, 10625, 10678, 10908, 10921, 11108, 11176, 11212, 11244, 113146, 113178, 11329, 1191, 128637, 128866, 130507, 1312, 140688, 140890, 143384, 1454, 1462, 146223, 1465, 151887, 154796, 157922, 163, 1738, 1948, 201595, 2030, 217, 221927, 2264, 22906, 22996, 23067, 23141, 23174, 2319, 23193, 23277, 23279, 23332, 23353, 23523, 23644, 253461, 25777, 25843, 2589, 25912, 25940, 25963, 25994, 26073, 26100, 2617, 26469, 26517, 27, 27044, 27183, 2773, 2782, 284996, 286144, 29035, 29927, 3267, 3321, 339287, 3419, 351, 3643, 3673, 376267, 3920, 4088, 4134, 4301, 440193, 4644, 4782, 5045, 50488, 51026, 51092, 51232, 51320, 51629, 51768, 5194, 5257, 5295, 5339, 53838, 5434, 54815, 54836, 54926, 5494, 55041, 55075, 55206, 5524, 55240, 55291, 55334, 55573, 55585, 55591, 55611, 55643, 55677, 5580, 55870, 55970, 5606, 56204, 56905, 56951, 56957, 56990, 57120, 57142, 57148, 57551, 5832, 58490, 5861, 5885, 5930, 6050, 6137, 6160, 6198, 6249, 6301, 6424, 64755, 65059, 65084, 6548, 667, 682, 6856, 7020, 7072, 7082, 7083, 7169, 7265, 728689, 7328, 7410, 7533, 7791, 7798, 78992, 79188, 79572, 79869, 800, 80155, 80331, 813, 81618, 830, 8349, 8451, 8473, 8480, 85365, 85465, 8564, 8573, 8602, 8650, 87, 8733, 8897, 90411, 9052, 9092, 9110, 91289, 91404, 91782, 9209, 9236, 92912, 9354, 9361, 9371, 953, 9592, 9612, 9743, 9788, 9852, 9874, 9902, 9908, 9931, 9950, 9958, 9967, hsa-miR-103a-3p, hsa-miR-107, hsa-miR-15a-5p, hsa-miR-15b-5p, hsa-miR-16-5p, hsa-miR-184, hsa-miR-424-5p, hsa-miR-501-3p
10018, 10228, 10412, 10452, 10460, 10528, 10537, 1054, 10573, 10902, 112495, 1153, 116228, 1182, 126308, 1347, 140823, 140901, 1445, 153527, 1785, 1892, 2035, 2237, 2239, 22870, 22913, 23184, 23204, 23223, 23327, 26065, 2631, 27089, 27297, 3065, 3107, 3482, 348995, 3720, 4173, 4779, 5036, 506, 50808, 5106, 51126, 51218, 51264, 51304, 51593, 54458, 54499, 54623, 5467, 55147, 55544, 55748, 55749, 5583, 56950, 56993, 5707, 57104, 57619, 57724, 57727, 57805, 58190, 5828, 5902, 5982, 6217, 64118, 6431, 6612, 6629, 6652, 728661, 7503, 7936, 79581, 79654, 79666, 79720, 79949, 8087, 81502, 81876, 83871, 83986, 84311, 84313, 84950, 8503, 8518, 90, 90231, 9053, 908, 9114, 9703, 9772, 9885, hsa-miR-130a-3p, hsa-miR-148a-3p, hsa-miR-148b-3p, hsa-miR-152-3p, hsa-miR-193a-5p, hsa-miR-24-3p, hsa-miR-338-3p, hsa-miR-628-5p
10152, 102, 10207, 10927, 10953, 11130, 11336, 1213, 1374, 1495, 1595, 1627, 1632, 178, 1793, 222484, 2317, 23196, 23389, 23517, 23641, 23647, 25814, 25942, 25948, 27154, 2720, 27236, 29015, 29123, 29763, 29978, 3597, 360023, 3693, 4070, 4343, 4651, 51028, 51133, 51631, 54870, 54928, 55251, 5536, 55770, 5584, 5654, 57020, 57680, 5917, 59349, 5955, 64710, 6597, 6675, 6721, 6733, 6938, 7586, 7707, 7716, 79646, 81839, 84146, 84168, 8661, 8893, 9019, 9101, 91408, 9213, 9219, 9255, 9351, 9578, 9652, 9686, 9793, hsa-miR-155-5p, hsa-miR-365a-3p, hsa-miR-365b-3p
10181, 10188, 10189, 10383, 10437, 10474, 10549, 1072, 10726, 10749, 10922, 10945, 10949, 10963, 10992, 11091, 11190, 11282, 11313, 11333, 114049, 116985, 1173, 1337, 1509, 16, 1652, 171568, 1889, 1933, 1936, 1938, 2071, 2114, 219, 2194, 221092, 22827, 2288, 22907, 22985, 23076, 2314, 23180, 23211, 23549, 2356, 23654, 253725, 25798, 25873, 25879, 26090, 26155, 26224, 26284, 27069, 2783, 2821, 28964, 293, 29890, 29937, 3059, 309, 3257, 3304, 3566, 3609, 369, 3727, 3735, 389541, 3913, 3916, 4034, 4054, 4250, 440574, 4650, 4670, 4695, 4723, 4904, 5092, 51079, 51150, 51329, 51330, 51586, 516, 51637, 5184, 5190, 5211, 522, 5223, 5351, 5371, 5441, 54606, 54998, 5531, 55627, 55684, 55700, 55738, 55871, 55974, 56850, 5705, 5708, 5710, 5714, 5720, 57473, 5757, 57648, 5777, 5834, 58525, 59, 5900, 5976, 6124, 6130, 6158, 6159, 6164, 6176, 6203, 64943, 6513, 6633, 666, 6722, 6746, 6748, 6793, 6829, 7086, 7094, 7205, 7311, 7391, 7407, 7841, 79001, 79143, 79171, 79811, 80011, 80097, 80700, 811, 8241, 826, 8260, 83746, 84164, 84833, 8525, 85359, 8818, 90324, 9138, 9158, 9344, 93621, 9567, 9616, 9727, 976, 9810, 9861, 9918, hsa-miR-149-5p, hsa-miR-186-5p, hsa-miR-331-3p, hsa-miR-423-3p, hsa-miR-484, hsa-miR-99b-3p
1009, 10381, 10413, 10802, 10979, 1122, 11260, 1545, 170954, 2033, 23131, 23176, 2321, 23271, 2335, 23471, 23512, 2805, 2934, 30001, 346389, 3481, 3725, 3791, 3843, 387, 390, 3939, 396, 4074, 4478, 4851, 493869, 5062, 51271, 51719, 5230, 529, 54206, 54453, 546, 55697, 55914, 56241, 56650, 56947, 5717, 57826, 5879, 6277, 63916, 63971, 64207, 6464, 6624, 6813, 6921, 7077, 7164, 7456, 7764, 8314, 8829, 8933, 9444, 9448, 9728, 989, 9969, hsa-miR-141-3p, hsa-miR-200a-3p, hsa-miR-200b-3p, hsa-miR-200c-3p, hsa-miR-429
