10018, 10059, 10116, 10140, 10236, 10239, 10299, 103, 10443, 10487, 10600, 10605, 10618, 10725, 10728, 10818, 10890, 10914, 10951, 11057, 11118, 11160, 11196, 11215, 112399, 1130, 114908, 115294, 116064, 116496, 1213, 122786, 132720, 1385, 1398, 140885, 146923, 147179, 148867, 1520, 153339, 1536, 1540, 157769, 159, 1601, 161742, 164, 1808, 19, 1965, 1992, 204851, 2107, 2149, 219285, 222658, 223, 22834, 22848, 22856, 22887, 22990, 23013, 23014, 23022, 23065, 23125, 23167, 23197, 23248, 23253, 23268, 23317, 23324, 23328, 23350, 23362, 23429, 23463, 23468, 23499, 23503, 23509, 23527, 23731, 246175, 253143, 2549, 255743, 25778, 25932, 26046, 26190, 26224, 26234, 2635, 26959, 27249, 284058, 284119, 286148, 29066, 2908, 2909, 29116, 29766, 29883, 30836, 3092, 331, 3312, 334, 3383, 339745, 3454, 36, 372, 3778, 387263, 387914, 3915, 3949, 400, 4074, 4077, 4090, 4163, 4170, 4205, 4299, 445815, 4591, 4642, 4660, 4677, 4735, 490, 4928, 5048, 50807, 51, 51100, 51111, 51132, 51148, 51199, 51274, 51322, 51366, 51429, 51430, 51439, 51465, 51474, 51479, 51696, 5170, 51727, 51742, 51752, 5306, 53944, 5396, 54205, 54462, 54467, 54495, 54664, 54700, 54764, 54832, 54838, 54855, 54856, 54874, 54897, 5495, 54989, 55074, 55102, 55173, 55196, 5520, 55205, 55333, 5534, 5537, 55654, 55662, 5567, 55727, 5573, 55837, 5584, 5594, 5601, 56061, 56172, 5621, 56674, 567, 56929, 57003, 57169, 57179, 57182, 57189, 57223, 57326, 5733, 5738, 57403, 57460, 57493, 57515, 5756, 57606, 57659, 57698, 57708, 5832, 5869, 59084, 5925, 59277, 5934, 6307, 6310, 63892, 6400, 64094, 64784, 64786, 6498, 659, 66008, 6651, 6774, 6789, 6845, 6917, 6925, 7048, 7057, 7071, 7109, 7126, 7182, 7316, 7357, 7458, 7716, 7764, 7803, 7812, 7905, 79158, 79443, 79660, 79718, 79834, 79837, 79901, 8021, 80218, 80232, 80255, 8030, 80351, 81846, 83716, 83737, 84196, 84376, 84516, 84669, 84919, 85461, 8560, 857, 8658, 8729, 8879, 8887, 8897, 8976, 901, 9101, 91010, 9135, 91612, 9189, 92912, 94134, 94241, 9497, 9517, 9559, 961, 9646, 9673, 9741, 9748, 9766, 9778, 9813, 9857, 9859, 9879, 9922, 9926, 9927, 9972, hsa-miR-106b-5p, hsa-miR-151a-5p, hsa-miR-17-5p, hsa-miR-181a-3p, hsa-miR-19b-3p, hsa-miR-20a-5p, hsa-miR-93-5p
1009, 10152, 10395, 10413, 10484, 10499, 10516, 10672, 10802, 10979, 1432, 1545, 170954, 1843, 2033, 2113, 2289, 23036, 23131, 23176, 2321, 23271, 2335, 23471, 23506, 23512, 2697, 2737, 2934, 29761, 3091, 338773, 3481, 3725, 3791, 3845, 387, 390, 3939, 4071, 4087, 4478, 4628, 4638, 493869, 5062, 51271, 51719, 5335, 54453, 54532, 546, 55573, 55914, 56650, 56987, 5728, 57542, 57826, 6277, 63916, 63971, 64167, 6464, 6624, 6722, 6738, 6776, 687, 6935, 7077, 7456, 7532, 79956, 8036, 8829, 8933, 9444, 9448, 9475, 9728, 9782, 989, 9969, hsa-miR-141-3p, hsa-miR-200a-3p, hsa-miR-200b-3p, hsa-miR-200c-3p, hsa-miR-429, hsa-miR-629-5p
10015, 10097, 10128, 10314, 10525, 10625, 10678, 10762, 10944, 10971, 11108, 11212, 11231, 11244, 11276, 113146, 11329, 116150, 128637, 130507, 1315, 132864, 1389, 1399, 143384, 1456, 1462, 146223, 154810, 163, 166336, 1729, 1964, 23039, 23174, 23193, 23262, 23270, 23279, 23339, 23405, 23530, 23677, 23710, 25820, 25843, 26135, 26156, 2665, 26985, 27, 2746, 2782, 284996, 285527, 286144, 286343, 2885, 29035, 29068, 2932, 3267, 3301, 3321, 342371, 3460, 351, 3673, 3799, 3839, 3920, 4134, 4644, 4645, 4763, 4774, 4853, 4952, 51232, 5128, 51320, 51421, 51652, 51768, 5194, 5226, 5257, 5295, 54431, 54882, 5500, 55041, 5515, 55163, 55183, 5527, 55291, 55334, 5549, 55585, 5562, 5580, 55870, 55970, 56990, 57120, 57148, 57534, 57645, 57720, 58477, 58490, 58533, 5930, 6198, 6249, 64710, 64771, 65059, 667, 6732, 6814, 6856, 6992, 7082, 7170, 7286, 7328, 7358, 7360, 7414, 7533, 7798, 79572, 800, 80155, 813, 821, 830, 8323, 8349, 84263, 8451, 8452, 85465, 8573, 8613, 8650, 8731, 8760, 8945, 90411, 90861, 9110, 91404, 91746, 9343, 9354, 9360, 9375, 9527, 9538, 9683, 9690, 9743, 9777, 9874, 9931, 9950, 996, 9967, hsa-miR-103a-3p, hsa-miR-107, hsa-miR-15a-5p, hsa-miR-15b-5p, hsa-miR-185-5p, hsa-miR-195-5p
10061, 10180, 1025, 10296, 10425, 10458, 1052, 10523, 10908, 10975, 1107, 11070, 11140, 11145, 11188, 11313, 113178, 123096, 1312, 1454, 151887, 1937, 2006, 2011, 2034, 2167, 217, 221927, 221937, 2260, 23, 23048, 23162, 23207, 23277, 23295, 23353, 23523, 23549, 23550, 23558, 23612, 23644, 23761, 23770, 25805, 25915, 25957, 26118, 26517, 27043, 27183, 2783, 284106, 290, 293, 2962, 29924, 3133, 3491, 3659, 375790, 376497, 388, 389541, 3912, 3914, 4245, 4298, 440193, 4524, 4678, 4736, 5045, 50488, 51330, 51564, 5166, 5339, 5434, 54998, 55004, 55052, 5518, 55324, 55577, 55627, 55643, 55692, 5654, 57804, 5878, 5886, 6122, 6132, 6137, 6160, 6188, 6193, 6206, 6232, 6303, 64423, 6449, 64743, 6497, 6522, 6723, 6929, 7011, 7072, 7327, 7791, 78992, 79033, 79039, 79073, 79567, 81554, 83786, 8408, 84271, 84572, 84687, 8498, 8535, 8566, 8664, 8665, 87, 8733, 8761, 8870, 90231, 9045, 9230, 9266, 9361, 9592, 9618, 9785, 9823, 9862, 9894, 9902, hsa-miR-143-5p, hsa-miR-16-5p, hsa-miR-342-5p, hsa-miR-424-5p, hsa-miR-455-3p
10009, 10130, 10274, 10560, 10905, 11073, 11176, 115, 144348, 1452, 1654, 1783, 203068, 2060, 2280, 23001, 23023, 23186, 23347, 23358, 23492, 2475, 257397, 25978, 2799, 28996, 3836, 3843, 3909, 3998, 4898, 51773, 5205, 54407, 54800, 55193, 5530, 5552, 55629, 55754, 55904, 5604, 57561, 5814, 5927, 6049, 6272, 6319, 64778, 6541, 7110, 7184, 7251, 7266, 7468, 79364, 80012, 80204, 80315, 8065, 80830, 8202, 8567, 8812, 9100, 91748, 9282, 9318, 93664, 9371, 9632, 9698, 9802, 9818, 9897, 9908, 9991, hsa-miR-181a-5p, hsa-miR-181b-5p, hsa-miR-181c-5p
10056, 10489, 10632, 10776, 11014, 11311, 11335, 143244, 149603, 1718, 1984, 207, 23598, 29796, 29979, 3020, 3150, 3169, 328, 4695, 4704, 4718, 498, 5052, 5093, 51012, 51368, 514, 51529, 51573, 5217, 55827, 5683, 5686, 56993, 5917, 5955, 6396, 64426, 6892, 6950, 7314, 7531, 826, 8337, 9093, 9377, 94239, 9555, hsa-miR-100-5p, hsa-miR-99a-5p
10298, 11079, 112939, 113452, 1355, 1847, 3099, 3309, 3607, 4171, 4296, 51107, 51114, 51616, 51631, 55466, 56926, 57018, 58487, 64755, 6794, 7283, 738, 7422, 780, 7919, 79885, 8079, 84823, 8508, 8614, 8741, 91, 9144, 977, 999, hsa-miR-145-5p, hsa-miR-199a-3p, hsa-miR-199a-5p, hsa-miR-199b-3p, hsa-miR-199b-5p, hsa-miR-582-3p
10120, 10181, 10212, 10383, 10457, 10474, 10491, 10494, 10514, 10749, 10949, 11078, 11091, 11214, 11252, 11282, 11331, 11333, 116985, 124565, 126321, 144983, 1627, 171023, 171568, 1725, 1727, 178, 1831, 1889, 1933, 1936, 1938, 1954, 1975, 2114, 22907, 22929, 22937, 22993, 23053, 23102, 2314, 23191, 23224, 23264, 23334, 23380, 23384, 23396, 23476, 23513, 23580, 23654, 23760, 253725, 2547, 25873, 25959, 26121, 27243, 29123, 29937, 309, 3178, 3276, 3300, 3340, 3609, 3707, 3727, 3913, 399687, 4034, 4054, 4069, 4627, 4668, 4670, 4723, 4791, 4854, 4904, 51024, 51150, 51329, 51586, 51603, 5184, 5211, 5297, 5371, 5428, 54434, 54476, 54765, 55256, 55665, 55684, 55700, 55755, 55893, 56262, 5660, 56654, 56997, 5710, 57198, 57473, 57661, 57662, 5777, 59, 5900, 593, 5976, 6124, 6125, 6133, 6138, 6141, 6142, 6146, 6154, 6158, 6167, 6181, 6203, 6204, 6208, 6209, 6222, 6227, 6228, 6256, 63917, 64599, 64760, 65265, 6625, 7040, 7094, 7205, 7311, 7343, 7407, 7515, 790, 79038, 7916, 79171, 7936, 79813, 79888, 80097, 80228, 80233, 80700, 80727, 80781, 8106, 8241, 84164, 84726, 84939, 8531, 85456, 8721, 8824, 8924, 90324, 91252, 91782, 9181, 92154, 9267, 9467, 9567, 9701, 9858, hsa-let-7i-3p, hsa-miR-149-5p, hsa-miR-186-5p, hsa-miR-191-5p, hsa-miR-193b-3p, hsa-miR-26b-5p, hsa-miR-423-3p, hsa-miR-484, hsa-miR-574-3p, hsa-miR-628-5p, hsa-miR-99b-5p
10175, 10217, 10558, 10640, 10945, 11138, 11328, 116228, 134553, 1890, 197131, 203547, 2120, 22820, 23348, 23516, 2548, 25921, 26010, 26128, 26504, 27020, 2760, 2802, 284273, 2878, 2950, 29946, 30000, 311, 3157, 3550, 3572, 3638, 3708, 375, 375743, 3927, 3954, 4131, 4192, 4193, 427, 4641, 4698, 50848, 51144, 51714, 51809, 529, 53838, 54439, 5445, 54732, 5480, 54906, 55054, 55186, 55234, 55364, 55571, 55588, 55717, 56937, 56957, 56995, 5711, 57446, 57492, 57535, 58191, 5836, 5903, 5921, 60313, 60559, 6238, 6302, 6416, 64747, 64764, 64853, 64921, 6548, 6744, 7398, 7844, 79717, 79770, 8189, 84162, 8490, 8533, 8743, 8991, 9, 9320, 9422, 9445, 950, 9525, 9601, 96459, 9659, 9695, 9765, 9801, 9815, 9847, 988, 9980, hsa-miR-25-3p, hsa-miR-500a-3p, hsa-miR-542-3p, hsa-miR-92a-3p, hsa-miR-92b-3p
1019, 10492, 10575, 10765, 10772, 10797, 10869, 10933, 11021, 11098, 11167, 114823, 114904, 114907, 1195, 1277, 1278, 1281, 1282, 1284, 1287, 1289, 1290, 1292, 1293, 1300, 1306, 1363, 140576, 143888, 1508, 1656, 1793, 1824, 1912, 1958, 196527, 1979, 2012, 202, 2059, 219771, 2200, 22801, 22872, 2309, 23164, 23309, 23336, 2353, 23621, 23670, 253827, 254102, 25853, 25987, 26020, 26065, 261726, 27122, 27173, 284611, 3105, 3146, 3156, 3162, 3376, 3554, 3688, 3908, 3918, 4015, 4017, 4162, 4313, 4659, 4739, 4781, 4811, 50509, 51125, 51272, 51283, 51307, 5155, 5159, 5209, 5351, 5352, 5469, 54726, 54972, 55075, 55701, 55832, 55884, 5641, 57472, 57496, 57591, 57798, 5780, 5901, 59345, 6059, 6259, 64175, 6423, 64848, 6678, 6767, 6897, 7058, 7112, 7165, 7171, 7428, 7837, 80223, 8038, 80381, 808, 80829, 81566, 81875, 8321, 8322, 8324, 84247, 84886, 8507, 8545, 871, 8780, 88455, 9169, 9262, 9315, 9349, 94005, 9643, 966, 9697, 998, hsa-miR-182-5p, hsa-miR-183-5p, hsa-miR-192-5p, hsa-miR-29a-3p, hsa-miR-29b-3p, hsa-miR-29c-3p, hsa-miR-3065-3p, hsa-miR-96-5p
10092, 10184, 10376, 10440, 10613, 1075, 1175, 123, 1267, 1514, 160, 1650, 2180, 23089, 23613, 23673, 2517, 25777, 2589, 25903, 25939, 26035, 26258, 2683, 26986, 27436, 2771, 29959, 301, 3417, 3658, 3716, 375056, 3840, 3936, 4125, 4154, 4548, 4643, 472, 4851, 4967, 5054, 51582, 526, 5287, 53, 53339, 5361, 5432, 54541, 5532, 55660, 5713, 5908, 5937, 6175, 6185, 6455, 665, 6659, 677, 7045, 7431, 7763, 79017, 79139, 79647, 80301, 80335, 8140, 81567, 81605, 81631, 8295, 8301, 831, 833, 8417, 84333, 847, 8724, 8754, 8804, 8872, 8974, 9021, 9031, 9260, 9334, 9341, 953, 9563, 9644, 9790, 9929, hsa-miR-30a-5p, hsa-miR-30b-5p, hsa-miR-30c-5p, hsa-miR-30d-5p, hsa-miR-30e-5p, hsa-miR-3607-3p
10101, 10113, 10262, 10421, 10552, 1059, 10857, 10957, 10973, 10980, 11030, 1174, 1295, 137886, 137964, 140775, 1408, 1453, 1457, 151636, 1603, 161291, 1827, 1857, 2108, 2193, 2203, 22795, 22838, 22864, 22938, 22984, 23118, 23192, 23203, 23204, 23313, 23543, 23589, 23646, 255488, 25792, 25803, 25844, 25963, 26003, 26173, 2739, 2787, 2873, 28969, 28973, 28974, 2931, 2975, 29894, 3006, 3017, 3028, 3035, 3066, 3159, 3164, 3297, 3614, 3675, 375449, 391, 4141, 4144, 4350, 468, 4833, 4849, 488, 4891, 4925, 5018, 5089, 51126, 51160, 51279, 51337, 51729, 5190, 5216, 5425, 54386, 54480, 54910, 550, 55011, 55207, 55240, 552889, 55362, 55653, 5605, 56616, 5690, 56970, 57410, 57510, 57799, 58485, 5860, 595, 60, 6046, 60674, 6136, 6240, 629, 6294, 6389, 64132, 64949, 6599, 6626, 6635, 6764, 6773, 6836, 6840, 6949, 7049, 7280, 7329, 7341, 7534, 7536, 784, 79036, 79077, 7917, 79180, 79602, 79711, 80267, 8073, 81688, 81857, 822, 8404, 8412, 84440, 84640, 84790, 84818, 84914, 85236, 8602, 8799, 8884, 89797, 90007, 9040, 9069, 90956, 9289, 9296, 9368, 9406, 955, 9550, 9580, 9689, 9709, 975, 9775, 9784, 9882, 9887, 9915, hsa-let-7a-5p, hsa-let-7b-5p, hsa-let-7c-5p, hsa-let-7d-5p, hsa-let-7e-5p, hsa-let-7f-5p, hsa-let-7g-5p, hsa-let-7i-5p, hsa-miR-142-5p, hsa-miR-196b-5p, hsa-miR-21-3p, hsa-miR-379-5p, hsa-miR-98-5p
10014, 10209, 10295, 10463, 10529, 10565, 10579, 10606, 10801, 10884, 10938, 10969, 11047, 114876, 1209, 1314, 1350, 1351, 1487, 149986, 158293, 169611, 18, 191, 2023, 2063, 2064, 2065, 2066, 208, 23061, 23062, 23133, 23361, 23420, 23786, 2521, 252839, 25764, 25804, 25946, 26292, 2734, 2752, 2794, 283987, 2872, 2907, 2937, 3021, 3068, 3098, 3106, 3303, 3304, 3308, 3329, 3337, 353, 374395, 377, 3837, 3880, 3921, 3955, 4001, 400451, 4047, 4149, 4282, 4615, 4646, 47, 471, 4831, 4869, 4946, 506, 5094, 51031, 51035, 5110, 51124, 517, 5291, 53635, 54842, 54867, 54888, 54898, 5496, 54978, 5499, 55148, 55250, 55527, 5571, 56257, 56683, 5689, 57085, 5719, 5725, 573, 57504, 57530, 57608, 5763, 5830, 5867, 6152, 6165, 6187, 6191, 6390, 6426, 6427, 6432, 6448, 6472, 64769, 64855, 6520, 65264, 6576, 6628, 6652, 6720, 6781, 689, 6926, 7001, 7322, 7392, 7416, 7846, 79603, 79792, 80004, 80851, 8148, 81563, 81628, 8237, 84336, 84532, 84896, 8565, 8574, 8694, 9066, 9112, 91289, 9351, 9446, 947, 9528, 9551, 9584, 960, 9612, 9742, 9898, 9939, hsa-miR-10a-5p, hsa-miR-10b-5p, hsa-miR-125a-5p, hsa-miR-125b-5p, hsa-miR-134-5p, hsa-miR-143-3p, hsa-miR-146a-5p, hsa-miR-146b-5p, hsa-miR-22-3p, hsa-miR-30a-3p, hsa-miR-30e-3p
10960, 10994, 10999, 156, 1891, 2130, 2197, 22980, 24148, 26608, 3054, 3835, 388524, 4041, 4302, 4502, 4809, 5050, 5298, 53373, 55898, 6143, 65993, 7386, 79869, 80271, 8078, 8209, 9993, hsa-miR-23a-3p, hsa-miR-23b-3p
