10075, 10113, 10150, 10197, 10280, 10327, 10336, 10444, 10552, 10723, 10769, 10857, 10885, 10957, 10988, 11164, 11198, 11321, 11342, 115353, 1174, 128, 1364, 1503, 151636, 1660, 1729, 1832, 1843, 196, 1982, 2, 203068, 2186, 219771, 22838, 22938, 22984, 23118, 23129, 2317, 23203, 23313, 23389, 23468, 23589, 23646, 23647, 23788, 255488, 25792, 25871, 25896, 26097, 262, 26574, 2739, 2752, 2787, 283638, 2873, 28969, 28988, 29957, 30001, 3028, 3159, 3183, 34, 3428, 3475, 3675, 3880, 4008, 4048, 4067, 439, 4609, 468, 4686, 4705, 4783, 4837, 4891, 4925, 501, 5036, 5089, 50999, 51126, 51177, 51236, 51279, 51304, 51337, 51593, 5190, 52, 54471, 54480, 54910, 54935, 55011, 5510, 5520, 552889, 55362, 55573, 55593, 55705, 55731, 55813, 55858, 55862, 56616, 56970, 57129, 57470, 57510, 5859, 5962, 5982, 6129, 6136, 6182, 6229, 6240, 629, 63892, 64324, 64949, 64951, 65083, 65108, 6574, 6626, 6635, 6741, 6764, 6789, 6790, 6809, 6880, 6897, 7109, 7145, 7165, 7317, 7322, 7414, 7532, 79180, 79602, 79651, 80142, 80308, 8085, 81556, 81857, 822, 8243, 8295, 8404, 84293, 8449, 85021, 85236, 8562, 8669, 867, 8773, 8799, 8833, 8884, 8904, 892, 8932, 8976, 89797, 9031, 9039, 9040, 9133, 9203, 9221, 9232, 9238, 9296, 93185, 9406, 9469, 9550, 9631, 9685, 9689, 975, 9775, 9784, 9870, 997, hsa-let-7a-5p, hsa-let-7b-5p, hsa-let-7c-5p, hsa-let-7d-5p, hsa-let-7e-5p, hsa-let-7f-5p, hsa-let-7g-5p, hsa-let-7i-5p, hsa-miR-196b-5p, hsa-miR-379-5p, hsa-miR-98-5p
10010, 10121, 10140, 10175, 102, 10217, 10239, 10421, 10507, 10577, 10945, 10980, 11315, 11328, 11345, 1192, 143384, 1523, 153090, 1635, 1727, 1890, 2000, 2017, 202, 2064, 2280, 22904, 23190, 23258, 23396, 2548, 25829, 25921, 26010, 26099, 2625, 27166, 2760, 283149, 2878, 30, 30851, 311, 375056, 4052, 4131, 427, 4637, 4716, 475, 4771, 4779, 493, 4946, 51246, 51280, 51429, 51493, 51714, 53838, 5445, 5447, 5479, 5480, 55114, 55240, 56829, 56937, 56975, 57333, 57492, 58191, 5829, 5836, 5998, 60343, 6047, 60559, 6238, 64744, 64747, 64760, 64781, 64853, 65220, 65264, 6535, 6720, 6734, 6836, 7016, 7094, 7430, 79717, 8073, 80781, 8303, 832, 8337, 84162, 8439, 8490, 8519, 8743, 8801, 9180, 9249, 9320, 9344, 9445, 9510, 9601, 9620, 9659, 966, 9695, 9978, 999, hsa-miR-25-3p, hsa-miR-500a-3p, hsa-miR-92a-3p
10147, 10262, 1029, 10376, 10425, 10535, 10553, 10606, 10944, 10969, 10987, 1104, 11047, 11137, 113452, 1186, 1209, 1349, 1356, 137964, 1457, 149986, 1855, 1857, 1871, 191, 1978, 1994, 2146, 222068, 22880, 23013, 23065, 23076, 23244, 23369, 23530, 25804, 2631, 26986, 27341, 2872, 28987, 292, 2937, 2976, 29968, 30000, 3021, 3066, 3099, 3280, 3329, 340348, 374395, 4037, 4152, 4296, 4673, 471, 4720, 4831, 4869, 506, 51031, 51114, 51154, 515, 5435, 5437, 54936, 5496, 5499, 55154, 55159, 55486, 55527, 55893, 56257, 5689, 57132, 5719, 5725, 5916, 5977, 60685, 6122, 6138, 6165, 6175, 6203, 6210, 6235, 6242, 6390, 6418, 6426, 6434, 64422, 6472, 64769, 6520, 6596, 6603, 6662, 6747, 6772, 6941, 7001, 7167, 7283, 7374, 738, 7389, 780, 7866, 79009, 79017, 79036, 79084, 7913, 79677, 80155, 80179, 80851, 8087, 81611, 84991, 8539, 8703, 891, 9551, 9612, 9640, 9712, 9782, 983, 9939, 9967, 9968, hsa-miR-10a-5p, hsa-miR-10b-5p, hsa-miR-125a-5p, hsa-miR-125b-5p, hsa-miR-145-5p, hsa-miR-199a-5p, hsa-miR-199b-5p
10152, 11130, 1431, 284058, 29015, 29123, 3607, 5007, 51631, 55251, 57459, 57680, 64710, 65056, 6721, 79892, 84146, 84172, 865, 9219, 9686, hsa-miR-365a-3p, hsa-miR-365b-3p
10009, 10274, 11004, 11073, 114882, 117178, 135112, 144348, 1452, 1654, 2060, 23001, 23049, 23155, 23215, 23219, 23469, 23760, 25939, 25978, 26037, 28996, 3423, 382, 3840, 3842, 3843, 3949, 3998, 440193, 4898, 51132, 51312, 5226, 54469, 55144, 55353, 5552, 5580, 55904, 5604, 5618, 56907, 57619, 57707, 5781, 5814, 58517, 5898, 5927, 6197, 6293, 6319, 64151, 64778, 6541, 678, 6868, 6873, 7037, 7184, 7412, 79364, 80012, 80204, 80218, 8036, 8065, 80830, 84255, 84898, 8613, 8731, 8812, 9318, 93487, 9371, 9632, 9694, 9698, 9802, 9897, 9991, hsa-miR-126-5p, hsa-miR-181a-5p, hsa-miR-181b-5p, hsa-miR-181c-5p, hsa-miR-338-3p
10049, 10066, 10109, 10169, 10228, 1026, 10379, 10443, 10472, 10487, 10509, 10564, 10600, 10618, 10628, 10725, 10866, 10922, 10933, 10950, 10972, 11057, 11078, 11118, 11119, 11215, 114908, 115294, 116496, 118, 1213, 122786, 127262, 127544, 1316, 1374, 140885, 148867, 1520, 1536, 153830, 1540, 1601, 1613, 161742, 164, 1783, 1808, 201292, 201475, 2034, 2149, 2182, 219285, 22848, 22856, 22990, 23197, 23253, 23317, 23324, 23463, 23509, 23527, 23608, 23645, 23731, 246175, 2495, 255743, 2580, 25932, 25987, 26118, 2617, 26224, 26225, 26234, 26580, 26959, 27242, 27249, 27327, 2768, 2799, 2801, 284119, 28951, 28972, 29066, 2908, 2909, 29766, 3005, 3064, 3091, 3092, 3098, 3134, 331, 3383, 3454, 351, 3659, 3688, 3696, 3707, 3716, 372, 389, 392, 3927, 3984, 3988, 399665, 400, 4299, 4627, 4642, 4681, 4735, 490, 50488, 50807, 51, 51043, 51100, 51148, 51199, 51274, 51474, 51479, 5162, 51696, 5170, 51727, 51752, 5214, 5264, 5306, 53827, 54462, 54467, 54476, 54495, 54700, 54726, 5476, 54832, 54874, 54940, 54978, 54989, 55004, 55017, 55205, 55577, 55654, 5573, 55810, 55898, 5594, 56172, 5621, 56674, 567, 57003, 57169, 57182, 57326, 5738, 57403, 57506, 57515, 57606, 57659, 5768, 5869, 5934, 595, 6307, 6352, 643155, 64784, 6498, 6648, 6650, 6845, 6921, 6925, 7009, 7040, 7048, 7071, 7078, 7126, 7249, 7316, 7431, 7494, 7538, 7812, 7832, 7851, 7905, 79158, 79718, 79834, 79901, 79949, 80146, 80223, 80351, 81603, 8202, 83716, 83737, 84196, 84248, 84376, 84669, 85461, 8560, 857, 8574, 858, 861, 864, 8682, 8729, 8870, 8878, 8879, 8887, 8897, 8992, 90850, 91010, 91039, 9135, 9189, 9262, 92912, 9322, 94103, 9517, 961, 9748, 9766, 9813, 9821, 9919, 9922, 9926, 9948, 998, hsa-let-7d-3p, hsa-miR-106a-5p, hsa-miR-106b-5p, hsa-miR-130a-3p, hsa-miR-15b-3p, hsa-miR-17-3p, hsa-miR-17-5p, hsa-miR-181c-3p, hsa-miR-20a-5p, hsa-miR-93-5p
10000, 10015, 10097, 10128, 1021, 1030, 10314, 10370, 10525, 10558, 10645, 10678, 10762, 10890, 11176, 11244, 113146, 11329, 1182, 126917, 128637, 130507, 1399, 146223, 154796, 154810, 157922, 163, 1948, 1964, 2131, 22808, 22992, 23174, 23189, 23191, 23353, 23405, 23650, 23710, 253461, 25778, 25820, 2589, 25963, 25998, 26156, 26523, 2683, 26985, 27, 27436, 2773, 2782, 284996, 29035, 3267, 3301, 3312, 3321, 3419, 342371, 3638, 3799, 3920, 4644, 4645, 4664, 4853, 5048, 51232, 51320, 51322, 51585, 51652, 51768, 5194, 5257, 54431, 545, 54529, 547, 54836, 54882, 55041, 55183, 55204, 5527, 55291, 5537, 5549, 55870, 55970, 56061, 56951, 56990, 57120, 57148, 57154, 57530, 57533, 57534, 5756, 5930, 60485, 6249, 6386, 64771, 6497, 667, 6786, 6814, 6856, 6992, 7082, 7360, 7798, 79572, 800, 80331, 813, 830, 8323, 8349, 84159, 85465, 8573, 8650, 90411, 90861, 9110, 91746, 9231, 9354, 9360, 9538, 9683, 9743, 9807, 9874, 9908, 9929, 9950, hsa-miR-103a-3p, hsa-miR-107, hsa-miR-15a-5p, hsa-miR-15b-5p, hsa-miR-185-5p
10105, 103, 10428, 10724, 11030, 11051, 112936, 116113, 116150, 140735, 152006, 1545, 22858, 23052, 23199, 23429, 23435, 23637, 27250, 27332, 285636, 3122, 3149, 3150, 3192, 3930, 4297, 5062, 51247, 51366, 51430, 51571, 54386, 55196, 55629, 55720, 55746, 57532, 57580, 57590, 64397, 648, 64841, 65125, 6654, 6667, 6670, 7267, 7326, 79647, 80195, 8450, 8454, 8520, 91369, 9168, 9282, 9673, 9788, hsa-miR-21-3p, hsa-miR-27a-3p, hsa-miR-27b-3p, hsa-miR-625-3p
10146, 10181, 10184, 10209, 10226, 10432, 10573, 10613, 10652, 10658, 10672, 11021, 11031, 11343, 1155, 115908, 1176, 123, 143888, 1514, 157769, 162073, 162394, 1659, 204, 2192, 22920, 22998, 23020, 23339, 23367, 23423, 23478, 23603, 23607, 25903, 25930, 26168, 26258, 27072, 27173, 2771, 29855, 29896, 29959, 3065, 3107, 327, 334, 3678, 3728, 3832, 3936, 4047, 4233, 4267, 4605, 4739, 4851, 4967, 5033, 5045, 5054, 51035, 51278, 51569, 51582, 5296, 5359, 5361, 539, 54887, 55002, 5516, 55209, 5532, 55343, 55466, 55748, 5687, 57085, 57104, 57142, 6118, 6218, 6241, 6305, 6455, 64708, 64855, 64866, 64978, 665, 677, 7086, 7259, 7329, 7384, 7514, 7534, 79080, 79139, 79888, 7991, 80301, 80335, 8301, 833, 836, 83871, 8417, 84333, 847, 8565, 8678, 8683, 8754, 8795, 8842, 8986, 9021, 9052, 92140, 9334, 9446, 953, 9563, 9644, 994, hsa-miR-1307-5p, hsa-miR-148a-3p, hsa-miR-148b-3p, hsa-miR-30a-3p, hsa-miR-30a-5p, hsa-miR-30b-5p, hsa-miR-30c-5p, hsa-miR-30d-5p, hsa-miR-30e-3p, hsa-miR-30e-5p, hsa-miR-425-5p
1009, 10979, 1432, 170954, 1967, 2113, 2289, 23176, 2321, 23299, 2335, 23471, 2885, 2934, 3481, 378938, 387, 4074, 4478, 51719, 529, 5310, 5335, 54453, 55697, 55914, 56650, 6277, 63916, 63971, 64207, 6464, 6776, 6850, 7042, 7077, 7456, 8314, 8818, 8829, 9444, 9448, 9728, 989, hsa-miR-141-3p, hsa-miR-200a-3p, hsa-miR-200b-3p, hsa-miR-200c-3p, hsa-miR-429, hsa-miR-99b-3p
10116, 10123, 10227, 10492, 10539, 10575, 10765, 10797, 11098, 11156, 116138, 1277, 1278, 1280, 1281, 1282, 1284, 1289, 1290, 1293, 1300, 150275, 1786, 1788, 1824, 200424, 2006, 2200, 221749, 22801, 22828, 23095, 23568, 23621, 25, 254102, 25937, 28511, 3156, 3655, 3918, 4015, 4017, 4040, 4501, 4811, 50809, 51122, 51307, 5351, 5358, 54765, 55075, 55832, 5641, 56998, 59345, 6059, 6091, 64065, 64175, 649, 6566, 6624, 6666, 6678, 7171, 7803, 7837, 7873, 79047, 80232, 80381, 80829, 81566, 81631, 8396, 84247, 84733, 890, 9315, 94005, 9643, 9697, 9869, hsa-miR-192-5p, hsa-miR-29a-3p, hsa-miR-29b-3p, hsa-miR-29c-3p
10155, 10278, 10291, 10383, 10474, 10494, 10514, 10526, 10726, 10749, 10801, 10949, 10992, 11079, 1108, 11091, 11168, 11252, 11282, 116985, 118424, 124565, 126321, 130074, 1509, 171023, 1809, 1889, 1936, 1938, 1954, 1975, 200081, 2023, 2071, 2193, 2197, 22827, 22907, 2296, 23053, 23063, 23070, 2314, 2316, 23170, 23216, 23224, 23250, 23264, 23266, 23309, 23379, 23381, 23384, 23400, 23406, 23476, 23513, 23654, 2531, 25873, 25970, 26001, 26064, 26121, 26155, 26528, 27043, 271, 27245, 27338, 27440, 29781, 3054, 309, 3178, 3187, 3308, 337867, 3460, 3654, 3692, 3727, 3856, 3875, 3913, 3978, 4001, 4122, 4172, 4174, 4176, 4548, 4670, 4723, 4756, 476, 4791, 4841, 4904, 4953, 5111, 51150, 5116, 51329, 51347, 5142, 51435, 51586, 51603, 5184, 5209, 5211, 5223, 5371, 54206, 5426, 5436, 54870, 54972, 55156, 55326, 55662, 55700, 55738, 56255, 56963, 57190, 57216, 57473, 5754, 57568, 5763, 57634, 5777, 58533, 593, 5965, 5976, 60312, 6124, 6125, 6142, 6158, 6159, 6176, 6222, 6257, 64645, 64682, 64943, 6509, 6625, 6632, 6722, 6829, 7005, 7072, 7205, 7298, 7385, 7841, 7916, 7917, 79171, 7936, 79784, 79869, 80011, 80097, 8019, 80233, 80700, 8242, 84232, 84271, 8518, 8525, 8567, 8568, 8607, 8658, 8662, 8720, 873, 875, 8836, 8914, 8924, 8925, 90324, 9114, 91252, 9126, 9267, 93436, 9462, 9567, 9582, 9909, 9918, 9972, 9993, hsa-miR-186-5p, hsa-miR-193b-3p, hsa-miR-26b-5p, hsa-miR-423-3p, hsa-miR-484
